19.93 -5.60 9.26 -21.49 909.96 9.77 0.23 -0.77 -35.69 -0.50 -11.50 -613.69 41.75 -87.25 180592
19.93 -6.47 22.54 -25.74 901.46 9.41 0.23 2.75 -34.25 12.88 -6.50 -309.44 100.50 -70.31 180794
19.93 -5.71 17.62 -31.90 898.55 8.83 -2.16 3.66 -37.56 6.87 -1.06 -331.44 29.87 -84.81 180980
20.01 -5.63 16.01 -22.56 894.24 9.35 -2.92 -0.26 -39.38 -2.37 -1.06 -596.56 74.69 -55.25 181171
19.99 -5.68 16.36 -37.00 888.72 9.80 -0.04 0.06 -36.88 4.25 -13.38 -280.31 80.06 -76.12 181360
20.01 -5.30 10.04 -16.47 888.76 9.63 1.32 1.23 -37.38 10.19 -11.50 -397.50 -17.81 -71.19 181550
19.99 -5.56 9.60 -13.87 883.81 9.28 -1.06 2.96 -38.88 7.75 1.87 -541.81 45.13 -13.69 181738
19.99 -5.43 15.15 -20.59 879.56 9.02 -3.15 2.19 -40.00 2.19 2.69 -357.69 55.25 -40.88 181924
20.01 -4.72 13.66 -18.94 876.58 9.30 -3.09 -0.04 -40.75 -0.37 -4.50 -423.56 55.56 -56.81 182087
20.03 -4.69 16.85 -22.18 871.59 9.78 -0.22 -0.58 -39.25 3.87 -11.88 -450.31 79.87 -63.13 182279
20.03 -4.53 12.57 -28.26 868.79 9.42 0.90 2.55 -37.75 13.19 -9.88 -272.87 52.56 -74.87 182479
19.99 -4.11 8.99 -15.01 867.71 9.14 -0.62 3.49 -39.69 9.50 -2.19 -475.87 12.63 -65.06 182681
19.99 -4.38 11.36 -14.00 862.57 9.08 -3.58 0.86 -41.50 1.00 1.50 -428.25 61.81 -23.75 182875
20.01 -3.99 12.98 -20.40 858.91 9.51 -2.28 -0.63 -39.69 -0.50 -10.00 -372.75 55.06 -51.75 183067
20.01 -3.91 11.16 -18.79 856.34 9.79 0.32 -0.24 -38.56 5.37 -13.50 -404.87 43.75 -61.81 183261
20.01 -3.84 13.29 -16.99 852.43 9.41 0.50 2.69 -38.25 12.50 -6.19 -428.56 78.37 -59.19 183455
19.95 -3.85 8.72 -24.05 848.74 8.52 -2.45 4.17 -40.25 8.00 -2.00 -120.37 51.81 -69.81 183694
19.95 -3.26 4.78 -9.02 848.52 9.05 -3.36 1.71 -41.25 1.37 -2.25 -366.06 -20.12 -56.06 183889
19.97 -3.53 3.51 -9.12 845.65 9.52 -1.85 -1.43 -41.88 -4.25 -3.50 -442.50 30.69 -10.00 184090
20.03 -3.48 7.00 -7.62 842.41 9.70 0.48 -1.32 -41.19 3.87 -7.37 -140.94 44.38 -34.63 184289
19.97 -3.01 7.25 -11.14 838.83 9.62 1.63 0.89 -39.75 5.50 -11.69 -351.19 20.19 -26.50 184490
19.95 -3.05 6.19 -9.62 836.67 9.20 0.74 3.30 -40.88 9.50 -4.00 -308.31 42.63 -39.69 184690
19.95 -2.90 8.54 -9.58 832.87 8.77 -2.95 3.23 -41.69 8.50 -0.56 -346.87 46.38 -33.06 184890
19.95 -2.97 8.83 -11.10 831.52 8.77 -3.89 1.98 -41.38 4.69 -0.56 -333.44 59.75 -43.94 185013
19.99 -2.83 10.08 -14.15 827.57 9.42 -2.48 -1.07 -41.50 2.06 -6.69 -284.00 69.50 -59.38 185261
19.99 -2.61 7.38 -16.19 825.90 9.75 -0.59 -0.76 -40.50 3.19 -12.06 -253.50 49.44 -58.94 185384
19.97 -2.46 5.05 -10.96 825.53 9.69 1.48 0.18 -40.38 3.50 -12.75 -242.69 -6.69 -54.44 185583
19.93 -2.27 2.65 -6.77 823.22 9.33 1.75 2.44 -40.75 7.69 -7.06 -382.31 20.81 -39.50 185785
19.93 -2.42 5.09 -6.08 819.75 8.93 -2.04 3.49 -41.38 8.00 -0.19 -332.94 40.56 -14.38 185993
19.99 -2.33 5.89 -9.02 817.74 8.72 -3.77 2.40 -41.88 4.25 -0.19 -269.56 45.31 -30.31 186201
20.01 -2.08 6.95 -8.27 814.87 9.04 -3.75 -0.53 -42.75 2.06 -4.06 -268.69 43.81 -43.81 186404
19.97 -2.11 6.76 -9.78 813.56 9.45 -2.09 -1.51 -41.50 1.69 -7.06 -340.25 49.75 -45.00 186536
19.91 -2.21 6.69 -10.87 810.32 9.72 1.21 0.42 -38.88 7.69 -11.19 -225.06 64.37 -53.06 186787
19.91 -1.94 3.90 -11.68 808.54 9.15 1.70 3.07 -39.56 9.06 -12.06 -154.19 21.69 -50.88 186992
19.95 -1.69 2.56 -5.98 808.05 8.92 0.88 3.96 -40.88 9.06 -8.19 -264.12 -7.56 -48.31 187203
19.97 -1.63 1.39 -4.87 806.19 8.88 -2.18 3.53 -42.75 6.50 -0.88 -350.37 20.69 -24.19 187457
19.91 -1.65 3.20 -3.69 802.72 8.88 -4.07 -0.74 -43.19 3.87 2.50 -245.06 29.75 -11.69 187640
19.89 -1.67 3.16 -4.61 801.35 9.27 -2.72 -1.66 -44.25 -0.06 -1.69 -149.31 37.19 -26.12 187824
19.91 -1.46 3.36 -6.08 799.48 9.56 -1.06 -1.87 -10.69 -6.00 -4.00 -218.31 20.81 -19.19 188009
19.91 -1.37 3.20 -4.80 797.81 9.65 0.83 -1.47 -10.75 -4.50 -5.87 -187.06 18.25 -34.44 188197
19.93 -1.33 2.47 -4.66 796.39 9.43 2.53 0.84 -10.88 -0.75 -6.56 -240.94 26.25 -31.87 188423
19.91 -1.31 2.69 -4.65 794.56 9.03 1.38 3.54 -11.69 4.50 -5.25 -269.62 30.62 -23.94 188610
19.86 -1.35 3.14 -4.25 792.89 8.55 -0.83 4.72 -11.06 7.69 -4.00 -201.62 41.00 -30.12 188796
19.88 -1.10 3.84 -4.89 791.14 8.12 -3.43 4.29 -12.69 7.06 -0.75 -254.50 40.44 -27.06 188981
19.89 -1.07 4.28 -5.00 789.72 8.11 -5.17 1.87 -14.56 6.19 1.56 -271.56 40.56 -28.75 189166
19.91 -1.16 4.10 -4.59 788.42 8.59 -4.64 -0.84 -15.50 4.00 3.00 -196.69 48.31 -36.75 189356
19.93 -0.97 4.94 -4.71 787.78 9.00 -3.56 -1.53 -16.06 0.88 0.25 -214.31 49.81 -39.38 189470
19.88 -1.06 4.09 -6.39 785.55 9.57 -0.87 -1.91 -17.75 -0.56 -3.69 -282.50 52.63 -37.44 189660
19.88 -1.34 6.74 -4.70 783.54 9.60 1.36 1.46 -17.37 4.19 -7.87 -296.50 86.56 -40.13 189895
19.86 -1.61 6.18 -7.67 781.38 8.48 0.03 4.91 -18.50 11.19 -10.75 -189.87 106.25 -45.06 190086
19.89 -1.65 4.77 -9.83 781.45 6.84 -1.79 6.78 -24.06 15.19 -14.75 -168.56 81.31 -87.37 190276
19.89 -0.78 5.99 -7.31 779.89 6.11 -4.83 5.95 -28.06 16.25 -15.88 -245.19 62.00 -70.31 190467
19.88 -0.74 3.71 -10.24 778.85 6.33 -6.63 3.46 -31.87 19.25 -10.00 -282.37 58.31 -72.25 190581
19.86 -1.12 4.37 -6.67 778.48 7.80 -5.85 -0.92 -36.75 14.00 -2.75 -306.50 88.12 -76.50 190771
19.86 -1.41 3.33 -8.96 776.35 9.26 -2.52 -1.99 -38.75 8.75 -4.69 -242.81 109.56 -54.00 190972
19.89 -1.50 3.74 -8.77 776.31 9.77 0.32 0.65 -38.25 5.00 -15.50 -79.25 74.56 -89.19 191164
19.88 -0.27 4.71 -5.94 776.61 9.07 2.26 2.94 -35.06 1.37 -23.56 -235.12 7.37 -86.19 191401
19.89 -0.30 3.05 -4.25 775.75 8.60 1.92 4.28 -36.75 5.50 -22.06 -267.25 22.87 -91.25 191522
19.82 -0.84 2.92 -3.45 775.50 7.45 -0.61 6.33 -37.38 11.50 -18.25 -316.44 76.69 -66.75 191713
19.82 -1.13 2.64 -4.03 773.82 5.97 -6.63 4.06 -35.69 22.25 -9.75 -320.12 95.69 -0.88 191910
19.84 -1.04 4.70 -4.14 772.29 5.37 -8.19 0.34 -35.56 26.37 1.06 -118.69 89.69 -14.19 192109
19.88 -1.22 1.65 -5.70 772.03 6.39 -7.42 0.31 -38.00 22.37 -2.87 -19.87 79.87 -65.62 192306
19.88 -0.74 1.56 -4.59 772.36 7.37 -6.42 0.63 -40.25 19.37 -7.06 -88.81 53.88 -78.50 192426
19.86 -0.45 2.65 -6.07 771.10 8.66 -3.96 -2.32 -44.00 12.75 -7.06 -315.31 47.88 -52.44 192624
19.84 -0.74 3.29 -3.34 770.95 9.45 -0.88 -2.44 -44.25 8.69 -4.37 -170.94 76.81 -52.56 192790
19.82 -1.24 2.00 -3.95 770.25 9.67 1.51 0.40 -43.06 4.25 -13.88 -34.88 89.25 -67.50 192986
19.86 -1.01 2.32 -4.61 770.65 8.61 3.64 2.93 -38.38 -3.50 -23.87 -99.62 64.81 -76.12 193183
19.86 -0.50 3.48 -4.65 768.86 6.79 1.49 6.90 -30.75 -1.50 -34.88 -289.62 77.81 -38.19 193384
19.86 -1.04 3.74 -3.44 768.86 4.35 -4.11 7.76 -22.50 27.50 -28.25 -146.75 107.62 -6.25 193588
19.80 -1.07 3.01 -2.62 768.65 1.70 -5.38 8.01 -13.19 38.75 -23.56 33.25 112.94 -25.25 193790
19.80 -1.59 2.17 -4.10 768.98 -0.85 -2.70 9.38 -5.75 28.25 -38.69 79.62 98.75 -81.44 194003
19.82 -1.04 -0.17 -4.42 768.24 -2.91 -3.58 8.64 -0.88 24.06 -42.50 -77.69 78.62 -86.56 194205
19.84 -0.71 2.26 -4.24 767.82 -3.58 -8.69 2.76 3.19 43.19 -21.87 -253.37 104.12 -40.88 194451
19.82 -1.28 2.66 -2.79 768.01 -2.89 -7.58 -5.49 0.75 46.88 15.88 -193.56 106.50 35.69 194653
19.77 -1.37 3.41 -0.95 768.24 -1.55 -2.45 -9.36 -2.50 28.56 37.75 -189.06 67.75 77.25 194852
19.80 -1.48 1.15 0.68 769.99 0.09 5.32 -8.23 -6.37 -3.37 46.56 -284.25 -2.00 94.75 195054
19.82 -0.90 -0.37 1.35 768.91 1.78 9.47 -1.80 -11.19 -37.19 29.37 -216.56 -54.38 60.38 195260
19.80 -0.57 -1.87 -0.22 768.54 3.50 7.59 5.11 -15.06 -46.88 -0.75 -265.44 -76.56 17.37 195467
19.79 -0.20 -1.14 -1.87 768.95 5.36 0.78 8.17 -21.25 -30.75 -30.69 -286.69 -65.31 -31.81 195710
19.73 0.08 -0.03 -2.33 768.84 7.27 -5.53 3.54 -29.19 13.50 -36.75 -305.56 -13.50 -72.56 195891
19.77 -0.62 -1.06 -0.95 769.47 8.77 -3.83 -2.12 -36.25 32.38 -10.50 -329.25 61.75 -56.31 196116
19.80 -0.91 1.94 0.44 770.10 9.60 -0.60 -1.88 -44.38 22.37 12.88 -306.00 91.25 13.31 196299
19.77 7.78 -30.27 16.18 768.69 9.72 -1.18 -0.33 -46.50 10.06 15.88 -281.06 14.56 15.44 196482
19.77 -4.58 -1.29 0.23 770.14 8.75 4.27 1.07 -43.56 -16.69 18.69 -356.12 84.87 -185.37 196670
19.77 -3.84 -0.11 1.42 770.25 5.06 1.16 8.31 -24.25 -30.69 -30.69 -336.44 169.87 9.38 196857
19.79 12.42 -35.37 36.35 770.40 3.08 -5.34 7.62 -7.19 10.06 -46.69 -85.94 -61.81 -26.75 197043
19.80 -19.22 1.03 -2.28 770.55 8.88 -0.98 4.04 -24.87 4.50 -40.56 43.13 -280.06 -209.19 197228
19.80 4.48 0.27 -7.38 770.55 9.72 1.27 0.08 -44.56 -20.50 -10.75 -1.69 59.38 68.56 197413
19.75 -2.75 -0.08 -0.60 771.45 8.88 -2.40 3.38 -41.69 -2.69 -25.00 -25.81 82.75 110.62 197640
19.77 -2.90 -1.14 -0.51 771.37 5.92 -5.93 5.08 -35.00 9.88 -35.00 -88.75 122.94 136.62 197827
19.77 -3.79 -2.27 -0.97 770.92 2.13 -9.23 2.50 -10.56 33.00 -35.00 -237.87 143.56 57.31 198018
19.82 -5.24 -5.00 -1.95 771.03 -0.95 -8.06 -5.49 13.75 48.25 2.06 -323.25 52.00 151.44 198207
19.80 -4.44 -0.92 -6.79 771.67 -3.54 -0.02 -9.14 31.75 15.56 36.06 -242.69 -81.31 129.37 198392
19.82 -2.31 5.34 -7.41 771.92 -5.10 7.26 -4.15 40.19 -17.50 25.19 -273.75 -120.87 46.63 198584
19.75 -1.46 5.81 -4.48 772.01 -4.33 8.74 0.96 40.50 -31.87 -7.69 -24.69 -93.12 54.31 198776
19.75 -1.75 6.09 -1.75 772.45 -1.61 9.63 0.84 27.37 -39.38 -14.56 38.13 -47.25 103.06 198970
19.79 -1.37 4.25 -3.12 773.08 2.63 9.44 0.09 3.50 -47.19 -12.56 5.44 -19.75 104.37 199207
19.82 -0.79 3.14 -2.65 773.71 5.37 8.20 -0.05 -10.56 -45.75 -12.69 4.06 -11.31 83.37 199404
19.84 -0.19 3.58 1.01 773.52 7.10 6.68 -0.96 -23.56 -41.69 -10.50 55.50 -18.44 57.38 199600
19.80 0.09 4.29 0.40 773.56 7.71 5.53 -2.45 -31.00 -38.69 -2.37 133.00 -26.25 54.50 199708
19.79 -0.67 2.71 -3.26 774.98 8.08 2.12 -5.12 -36.56 -32.88 12.75 152.75 -33.88 74.00 199896
19.75 -1.09 -3.15 -5.08 774.91 7.24 -2.92 -5.93 -39.50 -11.69 28.56 154.06 -37.56 109.56 200084
19.79 0.22 -8.33 0.51 773.87 5.03 -8.18 -1.97 -33.56 23.19 27.00 199.25 20.12 98.69 200279
19.80 -0.28 -8.80 -2.08 775.69 2.53 -9.25 -2.04 -22.75 39.69 18.25 -127.81 -40.06 68.62 200471
19.73 -0.18 -8.59 -8.18 775.66 0.38 -5.49 -8.11 -10.56 22.56 41.56 -98.19 -53.75 -20.87 200704
19.75 -0.45 -9.16 -8.08 776.25 0.22 -6.95 -6.91 -2.75 11.88 45.56 221.19 -26.75 -53.38 200896
19.75 -0.41 -9.17 -1.24 777.26 1.27 -9.66 -1.06 -3.50 40.06 28.00 110.62 -45.94 -49.31 201089
19.77 -0.07 -9.27 -0.45 777.52 2.86 -9.37 -0.38 -8.00 45.25 18.00 -32.81 -34.75 -52.63 201281
19.77 0.44 -7.52 -7.59 777.96 4.24 -7.58 -4.54 -14.25 36.25 29.19 -287.94 -10.13 -53.81 201474
19.75 -1.03 -6.29 -18.66 780.05 6.22 -2.39 -7.19 -22.06 0.75 42.56 -51.38 103.94 -59.00 201667
19.70 -1.59 -1.37 -4.62 780.73 8.76 -1.49 -4.13 -34.00 -4.75 34.56 50.13 118.62 -55.06 201864
19.73 0.73 -2.44 -2.70 781.80 9.78 0.17 -0.62 -46.19 -8.56 21.19 -28.69 99.31 -52.31 202067
19.77 -1.68 -2.34 1.24 782.77 8.38 1.81 4.75 -46.88 -20.75 -3.19 -89.81 157.06 -63.88 202309
19.77 12.90 -1.12 12.07 784.45 3.62 1.52 8.98 -30.06 -24.00 -31.50 -41.63 197.06 -42.50 202507
19.75 -7.64 -3.85 11.70 785.19 -1.04 1.24 9.67 1.06 -22.19 -44.25 34.25 -41.13 0.00 202701
19.70 -34.08 1.94 22.12 786.09 -2.20 2.32 9.26 -0.37 -25.56 -41.25 63.19 327.37 -108.94 202901
19.68 -37.36 0.35 4.09 786.50 -4.07 5.11 7.30 32.25 -31.19 -22.19 89.06 -408.06 381.87 203102
19.68 2.75 3.33 7.15 786.06 4.54 3.72 7.85 -29.25 -33.06 -23.00 -44.50 199.94 -68.50 203302
19.66 -13.62 0.67 4.56 786.13 -8.61 2.18 4.14 19.25 -33.88 -30.00 -3.62 464.56 -262.87 203500
19.59 -9.62 -3.98 -3.01 785.99 -8.19 -2.68 -4.66 50.00 -4.50 17.56 -18.56 111.81 19.06 203701
19.59 -15.68 1.92 -4.94 785.88 -4.29 -0.30 -8.81 24.25 -17.19 39.50 54.13 74.12 49.75 203944
19.61 -7.86 10.29 -3.31 785.69 2.39 4.44 -8.40 -3.50 -28.75 36.25 -242.37 268.00 230.69 204176
19.61 0.28 -1.62 -1.93 788.15 9.77 0.32 -0.66 -48.00 -17.87 -6.56 171.19 141.75 111.44 204351
19.64 10.22 7.96 -3.67 787.99 9.57 2.12 0.12 -46.69 -18.00 -14.19 312.87 -94.44 -117.12 204528
19.64 19.37 6.10 -14.88 788.89 9.38 0.75 -2.75 -41.38 -28.06 11.38 -345.19 -49.69 306.50 204706
19.61 -31.47 29.97 -22.74 789.82 9.48 2.33 0.89 -50.69 -12.75 -2.56 -197.31 442.25 -181.06 204886
19.61 24.07 20.62 -3.42 789.82 9.02 1.11 3.67 -36.50 -12.88 -30.50 601.62 67.25 337.81 205062
19.63 9.44 16.50 -0.41 790.86 7.09 0.54 6.74 -45.69 -14.06 -18.56 432.56 73.00 390.25 205242
19.64 29.49 -3.93 5.78 790.23 7.72 -3.70 4.76 -34.06 31.25 -18.37 222.06 33.38 145.31 205464
19.63 11.12 2.45 5.85 790.98 6.94 -2.23 6.54 -22.56 13.50 -42.38 573.19 -118.50 583.69 205647
19.61 8.87 7.61 -12.23 791.61 7.10 5.96 3.18 -40.25 -29.06 -8.19 546.94 173.19 304.94 205825
19.61 18.61 6.28 -7.06 791.94 9.25 2.18 2.37 -50.56 0.69 -8.25 439.62 185.44 189.00 206008
19.59 13.49 5.47 5.84 791.91 7.07 -2.96 6.11 -29.75 11.06 -38.75 196.75 28.37 450.44 206189
19.64 -2.99 -3.69 -9.47 793.13 4.25 1.49 8.70 -25.75 -16.25 -37.56 553.31 148.81 370.44 206372
19.64 2.68 8.06 -9.92 792.35 6.84 7.01 0.38 -42.75 -27.56 -7.19 571.44 541.12 181.44 206557
19.61 8.89 3.84 -10.87 792.61 8.34 5.12 0.51 -31.56 -31.69 -20.50 337.31 193.87 102.12 206740
19.59 14.18 2.95 -14.88 793.36 7.51 4.20 4.68 -34.06 -35.06 -11.75 325.75 319.06 113.50 206966
19.61 18.02 7.23 -9.81 793.40 5.96 7.69 1.15 -40.69 -29.87 -1.87 647.25 351.87 79.44 207149
19.64 7.46 2.29 -7.17 793.92 7.92 5.62 1.31 -41.88 -21.75 -18.19 299.94 375.06 295.37 207334
19.64 18.80 8.49 -20.18 794.03 7.70 6.04 -0.49 -30.69 -34.38 -17.37 771.62 247.31 -109.31 207519
19.59 -0.37 -5.88 -11.49 795.04 7.37 6.43 0.56 -34.25 -25.50 24.50 34.75 447.19 116.50 207708
19.59 15.09 8.40 -24.95 794.25 7.56 6.09 -1.35 -46.19 -15.75 -15.00 823.69 355.56 -56.75 207899
19.61 11.35 1.11 -9.45 795.30 7.55 6.22 -0.59 -23.56 -42.88 1.06 270.25 387.19 -53.69 208084
19.61 12.06 -3.86 -6.78 795.85 7.37 6.44 0.53 -29.06 -37.25 11.38 494.94 317.06 6.56 208272
19.63 9.52 -0.27 -9.73 796.11 7.76 5.65 -1.97 -47.56 -15.06 3.87 469.50 342.19 -6.62 208505
19.61 13.17 3.39 -13.33 796.08 8.34 5.10 -0.67 -34.88 -31.50 -15.00 598.50 347.69 -97.50 208689
19.55 10.26 -1.88 -8.90 796.64 6.44 7.34 0.83 -23.00 -42.56 8.50 530.56 399.50 -37.13 208879
19.59 8.17 -0.55 -11.01 796.71 6.98 6.19 -2.99 -40.38 -17.75 22.06 357.50 422.12 -93.69 209072
19.61 7.46 4.09 -16.38 797.19 7.92 5.68 -0.97 -39.56 -28.19 -13.75 542.06 458.94 -110.44 209267
19.61 -1.83 -3.15 -21.61 797.08 5.20 8.23 -1.13 -16.56 -43.06 17.37 507.12 522.81 -161.94 209464
19.61 7.73 3.49 -17.38 797.42 5.65 4.56 -6.58 -40.69 -10.69 27.00 153.12 329.56 -246.31 209657
19.55 10.53 -8.07 -13.85 798.09 8.97 3.95 0.16 -40.19 -26.25 -14.50 577.62 429.25 6.19 209851
19.57 13.11 0.86 -11.00 798.46 5.92 7.53 -2.07 -25.00 -38.25 19.50 428.00 312.12 -180.69 210089
19.57 8.03 2.55 -6.69 798.69 6.49 6.53 -3.37 -42.50 -20.75 16.75 482.87 405.00 -83.25 210285
19.61 10.39 -2.33 -5.68 799.65 8.44 0.18 -4.98 -43.50 -22.56 12.19 334.62 88.62 -180.69 210489
19.57 9.37 -10.05 -10.18 800.03 8.85 4.19 0.37 -34.88 -33.75 6.19 346.87 244.19 -92.81 210685
19.55 12.26 -2.20 -10.44 800.10 7.24 6.28 -2.04 -33.75 -26.69 25.25 395.56 280.31 -114.75 210886
19.54 12.18 -1.39 -21.77 800.29 8.26 5.10 -1.34 -49.69 -9.25 -3.19 956.50 390.94 -77.69 211087
19.57 5.11 -0.94 -12.37 800.81 7.65 5.84 -1.85 -27.00 -40.38 9.38 317.81 344.69 -195.12 211285
19.57 14.31 -3.13 -13.50 801.14 5.80 4.56 -6.45 -21.19 -24.75 36.00 503.37 117.87 -170.81 211486
19.54 9.98 -5.91 -10.76 802.08 7.80 4.83 -3.45 -45.19 -6.50 18.87 366.75 343.87 -88.06 211737
19.54 14.43 -3.28 -3.92 802.08 9.28 2.85 -1.33 -42.69 -24.00 -9.75 472.69 216.87 -84.31 211939
19.52 17.46 -4.74 -13.37 802.60 7.73 5.99 -0.70 -30.75 -37.00 12.38 340.75 243.12 -179.37 212147
19.55 9.40 -0.03 -15.60 802.78 6.06 7.29 -2.48 -32.56 -29.19 22.75 586.31 392.87 -30.00 212353
19.54 15.54 -2.91 -10.90 802.97 7.88 4.03 -4.20 -47.50 -11.25 7.19 765.81 199.69 -147.00 212518
19.50 11.31 -9.01 -14.03 803.79 9.37 0.73 -2.79 -40.38 -23.69 15.19 284.19 148.87 -195.62 212697
19.48 14.02 -2.22 -13.01 803.87 7.33 6.04 2.40 -35.06 -34.06 7.25 696.56 326.06 -53.38 212872
19.46 12.78 -2.75 -11.49 804.05 7.27 5.51 -3.57 -44.69 -10.25 20.87 366.56 351.50 -135.06 213053
19.50 9.93 2.48 -11.90 804.68 7.64 5.56 -2.58 -38.06 -28.19 -12.56 599.75 330.12 -175.25 213276
19.50 -13.82 -7.30 -6.19 804.46 7.22 6.48 -1.41 -17.69 -42.56 16.25 319.87 343.62 -58.75 213455
19.50 11.56 -5.77 -11.77 805.24 7.16 4.86 -4.59 -28.06 -16.56 36.56 257.37 200.94 -175.06 213634
19.48 4.68 -5.04 -13.85 805.43 7.58 5.89 -1.96 -47.38 -9.50 14.00 443.25 387.87 -52.69 213813
19.48 14.73 -1.54 -14.82 805.65 8.52 3.68 -3.14 -43.25 -23.19 -8.00 469.25 266.37 -189.75 213993
19.48 12.80 4.78 -19.29 806.21 6.49 7.33 -0.52 -21.37 -42.56 6.87 662.75 427.25 -195.50 214176
19.48 -4.48 1.35 -21.85 806.43 5.67 6.85 -4.12 -37.69 -18.06 27.37 396.75 554.00 -215.19 214359
19.54 7.27 -7.04 -18.07 806.88 8.26 -1.06 -5.17 -43.69 -24.25 9.88 756.69 85.94 -134.62 214545
19.46 3.86 -16.25 -6.30 806.96 8.97 3.66 -1.49 -35.06 -21.37 26.69 89.56 206.50 -187.25 214774
19.46 -4.31 -20.00 -9.25 808.07 9.52 2.34 -0.17 -44.00 -5.75 20.25 297.50 72.06 -69.00 214955
19.45 15.08 -4.75 -12.56 808.04 9.00 3.82 -0.64 -48.38 2.37 12.19 360.31 247.25 -78.37 215139
19.50 6.17 -5.21 -6.89 808.15 8.55 4.64 1.14 -42.06 -10.19 -24.25 647.19 284.50 5.69 215323
19.52 12.36 -5.40 -11.64 808.29 8.22 4.48 -2.90 -25.25 -37.69 19.87 551.50 198.75 -130.12 215507
19.45 4.62 -3.01 -9.72 808.71 6.91 5.97 -3.54 -28.69 -15.38 34.69 204.37 228.69 -235.31 215694
19.45 6.42 -3.59 -13.91 809.15 6.01 3.61 -6.85 -40.56 -4.56 29.25 156.87 184.50 -157.87 215879
19.41 8.19 -3.47 -17.73 809.53 9.00 3.87 -0.32 -45.69 -13.88 -13.00 610.87 466.12 -22.44 216069
19.45 5.80 -5.69 -16.76 809.93 8.13 5.29 -1.40 -25.56 -34.38 23.56 291.25 375.31 -71.37 216300
19.48 10.36 6.63 -15.53 810.01 6.59 7.18 -1.00 -48.00 -15.69 6.50 569.00 379.50 -166.56 216490
19.41 -5.88 -4.20 -17.32 810.31 7.50 5.33 -3.38 -32.25 -35.69 6.75 284.81 514.87 -267.50 216679
19.45 8.05 0.39 -14.22 810.72 6.36 2.64 -6.98 -15.69 -15.00 43.06 482.31 91.19 -295.31 216864
19.45 -2.76 -11.56 -1.58 811.27 8.02 4.91 -2.74 -34.56 -0.37 33.50 178.50 311.81 -38.94 217053
19.46 10.78 -12.77 -9.33 811.65 8.95 -1.15 -3.82 -49.50 5.87 6.00 359.87 69.37 8.44 217244
19.50 5.83 -5.12 -7.22 812.05 9.66 1.12 1.19 -45.75 -4.75 -18.69 538.37 146.19 -108.81 217435
19.48 -8.12 -9.28 -9.39 812.24 8.14 5.13 1.83 -32.38 -36.88 7.19 387.37 401.25 -4.44 217624
19.43 6.56 -3.51 -23.64 812.47 6.61 2.28 -6.87 -43.56 -19.25 16.69 742.12 190.62 -223.62 217862
19.45 9.86 -4.74 -13.56 812.50 7.62 -0.41 -6.15 -42.75 -17.19 19.75 200.94 -23.75 -219.44 218052
19.48 0.59 -9.37 -16.26 813.13 8.51 4.53 -1.77 -26.75 -30.19 26.25 -95.06 412.12 -82.37 218245
19.48 12.60 -9.32 -19.57 813.80 8.25 5.29 0.05 -43.06 -20.87 13.69 744.62 249.06 -46.50 218440
19.50 11.89 -7.58 -8.76 814.29 9.55 2.16 -0.34 -49.38 1.37 -6.06 173.37 251.50 168.81 218635
19.45 14.31 -1.80 -10.40 814.40 8.82 3.09 2.94 -32.25 -18.69 -28.69 736.62 132.94 4.75 218828
19.45 9.22 -1.22 -7.40 814.74 7.59 5.90 1.90 -29.19 -38.69 5.87 328.19 269.19 -2.56 219023
19.48 11.97 2.24 -8.04 814.81 6.45 7.17 -1.72 -40.38 -24.06 16.19 429.19 254.50 -71.37 219222
19.50 6.09 -1.33 -18.22 814.96 7.96 2.10 -5.32 -46.56 -18.56 5.50 365.50 169.50 -265.25 219460
19.45 10.21 -7.25 -13.69 815.63 8.44 4.96 -0.49 -29.06 -38.38 -4.00 678.06 267.75 -49.81 219657
19.43 -1.53 -21.19 -9.08 816.37 9.70 1.38 -0.30 -39.50 -1.87 29.56 88.06 226.50 -12.44 219855
19.46 12.70 -9.92 -12.50 816.67 8.78 3.79 2.13 -48.75 7.00 -7.50 638.19 221.50 19.06 220054
19.46 12.02 -2.52 -6.06 816.78 8.50 4.70 -1.29 -35.06 -33.06 -9.56 369.50 258.37 -101.19 220254
19.48 10.18 0.87 -14.99 817.15 6.90 6.47 -2.55 -20.19 -39.06 21.87 539.37 285.25 -191.94 220456
19.45 9.63 -8.68 -12.69 817.53 6.72 1.79 -6.90 -37.00 1.50 31.06 531.87 58.63 -112.87 220659
19.45 3.01 -8.93 -15.02 817.64 8.41 2.78 -4.20 -49.19 0.37 10.50 187.81 378.94 -229.56 220898
19.45 7.78 -14.68 1.03 818.64 9.68 1.50 -0.20 -40.19 -21.25 18.87 331.94 202.94 -71.12 221121
19.48 19.88 -12.75 -7.43 819.05 8.52 4.68 1.26 -47.19 -10.38 11.69 594.19 149.25 -116.19 221295
19.46 8.27 -5.53 -11.55 819.24 8.02 3.86 -4.10 -48.69 -9.25 3.25 603.19 234.62 -156.44 221470
19.43 7.97 2.06 -6.69 818.50 7.99 4.92 -2.81 -36.88 -31.19 -3.50 413.19 228.44 -242.31 221645
19.43 7.44 -4.64 -8.83 819.17 7.52 2.84 -5.60 -18.25 -20.56 40.25 338.44 198.56 -192.37 221823
19.41 10.89 -11.50 -17.80 820.02 8.52 1.85 -4.47 -31.56 5.87 35.69 279.25 112.69 -227.44 222003
19.43 12.23 -7.89 -24.69 819.95 7.68 5.73 -2.05 -49.06 -9.25 1.37 777.50 342.37 -179.94 222182
19.48 18.03 2.06 -10.26 820.17 8.18 3.33 -4.24 -35.69 -31.56 9.00 341.31 237.12 -202.69 222365
19.45 7.58 -12.61 -9.43 821.32 8.67 4.20 1.79 -37.19 -30.75 7.50 634.56 268.75 -20.00 222592
19.41 13.22 -0.95 -8.48 821.25 7.12 6.10 -2.84 -42.75 -16.37 18.56 405.56 217.00 -151.19 222781
19.43 11.75 -1.29 -11.52 821.29 7.23 4.01 -5.26 -44.56 -20.75 4.75 632.06 166.44 -89.56 222965
19.43 0.40 -12.19 -3.62 821.96 8.69 -0.93 -4.44 -42.06 -9.00 24.00 -18.69 115.37 -338.81 223151
19.45 10.61 -1.16 -13.12 822.11 7.81 5.43 -2.35 -27.50 -35.00 20.87 664.62 212.37 -172.19 223352
19.45 18.11 -10.34 -12.50 823.00 7.93 3.45 -4.61 -39.25 3.69 28.19 293.31 238.44 -221.06 223543
19.41 8.32 -1.66 -15.82 823.04 7.44 6.37 -0.32 -47.50 -11.88 -11.06 825.69 399.19 -45.69 223737
19.39 11.76 -8.76 -15.50 823.56 7.87 2.72 -5.17 -25.87 -30.87 30.06 516.25 123.75 -332.69 223930
19.39 11.12 -10.29 -6.14 824.12 7.56 -0.95 -6.16 -29.37 15.56 33.38 461.19 120.19 -98.94 224166
19.41 9.07 -16.09 -6.44 824.49 8.66 3.87 -2.44 -49.88 5.37 3.56 88.25 200.37 -283.81 224357
19.43 9.74 -8.08 -10.53 824.64 8.46 2.69 -4.15 -42.06 -25.25 2.75 418.25 135.44 -75.00 224545
19.36 12.42 -16.98 -7.80 825.38 9.79 0.25 0.44 -43.19 -24.19 1.00 167.75 125.62 72.94 224740
19.38 11.81 -5.35 -11.82 825.53 8.62 4.48 1.27 -43.19 -24.50 3.69 594.31 139.94 -79.81 224935
19.38 12.70 -6.81 -17.81 825.86 7.85 5.79 -0.95 -47.19 -11.56 10.19 701.12 371.44 -118.37 225133
19.43 12.92 0.44 -13.74 826.20 7.04 2.63 -6.29 -33.75 -34.25 10.56 471.12 157.69 -245.31 225330
19.43 -1.43 -10.94 -6.73 826.87 7.86 3.69 -4.54 -22.00 -27.19 32.75 391.31 189.50 -166.94 225528
19.38 6.88 -12.10 -8.17 827.20 7.89 2.03 -5.45 -30.19 20.75 32.00 25.87 173.87 -359.00 225766
19.39 13.55 -12.61 -6.96 827.13 8.12 1.71 -5.21 -48.69 -7.06 8.69 656.75 156.75 -62.06 225961
19.39 11.09 -21.27 -2.07 828.25 9.77 0.61 -0.37 -46.88 -14.50 -6.50 229.69 130.25 -158.94 226154
19.41 14.16 -3.30 -5.65 828.40 8.90 3.92 -1.24 -37.19 -31.25 9.75 564.00 153.69 -86.44 226348
19.41 17.86 -11.55 -13.44 828.73 8.30 4.76 -2.12 -43.56 -8.25 21.69 605.56 228.19 -165.62 226568
19.38 13.80 -3.57 -10.19 828.43 7.66 3.89 -4.71 -48.69 -9.69 4.75 557.81 165.44 -294.00 226690
19.34 1.23 -15.85 -19.62 828.80 7.98 1.78 -5.40 -29.37 -30.19 25.06 602.31 52.56 -315.87 226893
19.34 5.66 -11.99 -11.85 829.70 8.49 3.76 -3.12 -23.50 -5.69 40.75 72.87 343.31 -185.00 227095
19.36 11.33 -13.50 -6.42 830.18 9.23 0.10 -3.30 -49.50 3.25 7.87 379.31 190.56 -21.37 227341
19.38 10.65 -16.37 -11.46 830.22 9.74 0.81 0.79 -45.00 -2.56 -19.37 437.06 216.37 -136.12 227465
19.34 15.88 3.43 -15.85 830.03 6.80 6.92 1.36 -21.06 -43.06 0.00 946.31 380.44 -40.75 227661
19.30 -13.34 -14.27 -8.12 830.29 6.41 1.60 -7.24 -38.19 0.37 30.75 543.06 193.56 -404.81 227872
19.30 8.75 -12.50 -7.02 831.18 8.08 -2.62 -4.88 -43.00 -6.19 23.56 142.12 -17.19 -216.87 228076
19.30 9.04 -13.45 -7.94 831.63 9.24 2.29 -2.32 -31.87 -23.37 28.87 710.06 208.06 -170.44 228290
19.32 7.53 -20.70 3.22 832.23 9.43 2.20 -1.48 -44.06 10.38 17.50 382.56 128.06 -29.50 228506
19.30 13.18 -11.46 3.69 832.52 9.62 0.10 -1.88 -47.88 9.69 -7.69 571.31 44.63 13.19 228635
19.27 10.31 -12.63 -0.53 832.78 9.56 2.05 -0.63 -40.75 -24.06 -9.19 535.75 59.75 -157.25 228876
19.25 12.37 -7.89 -2.40 832.75 8.41 4.06 -2.96 -29.69 -21.56 32.25 426.44 140.44 -216.50 229081
19.27 11.15 -0.11 -4.14 832.90 6.75 3.73 -6.05 -34.88 -0.75 33.50 416.44 52.44 -240.37 229225
19.29 1.04 -8.17 -4.48 833.38 6.48 0.18 -7.35 -45.25 2.69 18.56 386.00 52.38 -329.19 229404
19.29 11.83 -8.14 -1.02 834.05 7.48 -4.48 -4.48 -42.00 -4.50 25.50 328.31 -73.81 -193.25 229591
19.27 9.63 -13.10 -2.39 833.90 8.67 -0.61 -4.52 -30.75 -4.06 36.19 358.37 -46.81 -337.37 229777
19.25 6.06 -11.04 7.50 834.31 8.75 -0.68 -4.35 -33.00 25.25 24.00 428.25 46.63 -258.19 229964
19.25 4.08 -12.76 5.96 834.87 9.16 1.34 -3.22 -44.75 18.25 5.69 414.94 86.31 -267.75 230076
19.27 11.69 1.17 -6.27 835.13 8.15 -2.98 -4.55 -37.00 -9.56 31.19 694.50 -161.75 -269.19 230306
19.29 6.44 -1.76 0.51 835.39 8.29 -2.97 -4.31 -22.25 23.37 34.69 465.06 -206.62 -283.81 230495
19.27 13.97 -6.51 2.76 835.91 7.38 -5.02 -4.03 -36.00 32.25 0.75 506.00 -266.31 -163.12 230685
19.23 12.21 -11.01 14.61 836.06 7.81 -5.49 -2.20 -47.88 6.69 10.25 364.12 -129.69 -192.69 230871
19.23 12.12 -8.17 4.07 836.84 9.71 0.21 -1.35 -44.06 -0.37 22.06 332.87 -117.69 -297.37 231056
19.23 10.28 -6.92 6.63 837.17 8.67 2.58 -3.77 -36.75 10.38 28.19 329.87 171.31 -335.37 231246
19.27 11.17 -3.75 -12.02 837.25 6.17 2.02 -7.34 -43.50 -21.06 6.50 792.87 53.94 -334.44 231442
19.25 5.51 -4.05 -5.65 837.21 7.82 -2.93 -5.12 -21.06 4.37 43.06 497.69 -110.31 -392.56 231634
19.21 5.31 3.39 10.59 837.81 9.52 -1.98 -1.22 -39.25 31.19 -1.06 469.31 -177.00 14.13 231861
19.23 14.47 -7.08 4.45 837.95 7.60 -3.60 -5.04 -49.06 12.56 3.00 522.44 -121.50 -239.94 232053
19.25 14.16 2.80 12.80 838.77 9.61 -0.89 -1.72 -44.50 -2.25 21.37 315.31 -65.81 -355.62 232247
19.27 17.49 -0.37 -1.40 839.15 8.85 1.10 -4.07 -33.75 3.75 34.69 316.00 18.69 -107.44 232439
19.29 7.41 -4.39 2.54 839.30 7.89 4.99 -2.98 -46.75 1.56 15.25 448.75 163.81 -298.06 232632
19.25 7.64 -4.92 -6.05 839.33 6.02 -2.10 -7.44 -42.25 -8.88 24.69 585.44 -0.25 -236.44 232828
19.27 12.13 -6.16 4.75 840.26 8.44 -4.30 -2.49 -38.19 4.06 30.50 419.56 -189.12 -185.31 233021
19.25 17.22 -8.26 2.30 840.22 8.99 1.29 -3.67 -35.25 10.75 32.00 736.87 49.19 -242.37 233218
19.27 14.73 -1.66 12.16 841.16 9.10 1.11 -3.46 -50.50 -4.69 -5.00 454.62 21.81 -147.44 233459
19.29 15.59 -4.97 3.96 841.64 9.05 0.66 -3.70 -39.69 -24.00 17.56 494.44 84.87 -231.44 233656
19.27 7.86 3.67 6.33 841.83 9.18 0.63 -3.38 -33.38 7.06 33.56 365.19 45.06 -157.81 233851
19.29 11.89 -3.73 4.96 841.97 9.11 0.86 -3.51 -39.69 16.37 22.87 290.87 -23.50 -112.87 233974
19.27 11.70 -11.70 -1.85 841.94 7.40 -1.76 -6.18 -47.06 13.50 12.56 418.19 -66.81 -157.75 234173
19.29 9.80 -14.00 1.65 842.87 8.10 -2.27 -5.02 -49.00 3.37 8.75 346.00 -19.87 -298.75 234291
19.30 11.76 -7.93 -5.21 842.91 8.89 1.27 -3.93 -35.56 -26.69 22.87 645.50 52.00 -238.69 234485
19.27 12.76 -12.68 12.55 843.39 9.55 0.96 -1.96 -34.50 10.06 31.69 252.75 150.94 -176.62 234685
19.27 20.86 -4.32 -1.48 843.61 8.06 3.62 -4.23 -49.00 -2.50 -0.69 492.37 75.69 -192.69 234929
19.27 10.26 -6.05 0.65 844.17 8.56 1.79 -4.43 -40.50 -25.87 11.19 394.81 167.75 -249.31 235130
19.30 1.86 -6.19 3.20 844.69 9.26 -0.49 -3.17 -31.87 -6.56 36.69 810.19 53.94 -147.19 235332
19.30 7.10 1.51 13.56 844.91 9.35 -2.89 -0.53 -38.50 29.37 -7.19 589.00 -97.50 7.50 235457
19.29 16.32 -11.08 -2.21 844.99 8.41 -1.52 -4.79 -48.56 6.69 -0.88 148.12 -154.31 -294.50 235664
19.27 12.42 -6.65 1.59 845.51 8.56 -0.64 -4.73 -46.00 -14.50 10.38 642.37 55.13 -268.50 235788
19.25 10.52 -2.73 10.99 845.92 9.31 2.54 -1.71 -38.56 -4.75 30.25 364.62 69.19 -260.56 235991
19.27 17.03 2.17 -5.77 845.95 6.34 3.27 -6.71 -42.25 -4.00 25.25 597.06 54.75 -252.69 236194
19.29 4.33 -10.29 -6.42 846.44 7.17 0.75 -6.63 -45.56 -7.75 19.19 446.00 91.50 -386.56 236376
19.29 10.49 -8.50 -0.36 847.11 9.05 -1.09 -3.59 -35.69 -5.56 32.50 297.75 5.56 -334.31 236580
19.29 11.88 -6.97 -5.66 846.89 8.36 4.45 -2.53 -34.19 -10.25 32.88 346.25 174.44 -332.50 236707
19.25 14.47 -10.52 13.57 847.81 9.12 1.95 -3.00 -48.38 8.56 8.88 217.75 271.56 -100.12 236916
19.25 6.04 -24.81 0.02 848.04 9.66 1.50 -0.67 -47.19 0.69 -15.19 1002.25 65.75 -16.81 237088
19.30 15.16 -1.41 1.94 848.37 9.25 0.20 -3.24 -38.19 -2.25 31.25 286.37 -88.06 -375.12 237271
19.27 3.63 2.75 -2.00 848.30 7.03 1.70 -6.61 -39.00 3.75 28.56 642.00 59.25 -281.12 237454
19.29 3.53 -9.99 -0.54 848.89 8.19 -2.80 -4.60 -48.56 0.06 10.69 604.75 -27.12 -208.56 237637
19.25 7.58 -7.14 9.29 848.93 8.09 -5.52 0.37 -38.56 21.19 20.25 267.50 -278.81 -104.50 237865
19.29 4.30 -1.81 8.99 849.68 9.48 0.25 -2.46 -38.06 20.50 22.06 579.81 -32.81 -260.75 238048
19.23 7.12 9.01 17.82 849.90 9.31 0.09 -3.07 -45.50 17.50 4.87 560.81 4.37 -119.69 238155
19.27 17.55 3.58 6.62 850.64 8.98 1.70 -3.54 -45.50 -18.06 -1.87 552.12 -31.06 -279.81 238338
19.30 12.28 0.51 -8.07 849.94 7.72 -0.09 -6.03 -24.37 -26.69 33.88 755.00 5.44 -275.75 238525
19.23 -8.58 -0.91 8.06 850.79 8.97 0.56 -3.90 -34.00 27.50 20.50 307.87 28.00 -382.56 238713
19.25 4.19 -3.70 2.82 851.16 8.37 -0.17 -5.10 -47.00 12.69 10.56 508.00 22.31 -67.87 238830
19.23 7.54 -5.33 3.60 851.12 8.12 -4.87 -2.54 -49.38 5.87 2.19 434.12 -209.19 -75.87 239023
19.25 6.68 -3.88 12.63 851.83 9.04 -3.68 -0.92 -39.25 10.38 27.75 435.56 16.44 -117.44 239268
19.27 8.39 -9.97 20.87 852.32 9.65 -0.89 1.46 -43.06 23.69 0.37 565.12 -123.81 23.25 239453
19.27 19.87 -9.89 15.07 853.10 9.66 0.31 -1.61 -46.00 12.19 -13.38 348.00 -23.19 -70.00 239646
19.25 11.76 -2.19 17.28 853.28 9.70 0.19 -1.37 -47.06 -8.56 -9.88 442.69 41.13 -61.69 239758
19.25 6.76 -7.74 12.79 853.62 9.68 1.04 -1.16 -41.50 -24.06 12.50 703.31 16.37 -39.19 239944
19.25 16.99 -3.25 11.91 853.84 9.56 0.23 -2.15 -41.06 9.25 24.69 293.44 -50.38 -142.81 240136
19.27 12.69 -5.28 -8.44 853.32 7.45 1.39 -6.21 -45.19 7.37 17.50 733.81 -46.25 -341.56 240329
19.29 -0.59 -9.47 -1.87 854.14 7.13 -1.94 -6.44 -46.00 -0.75 17.50 578.06 -106.31 -408.81 240447
19.25 12.65 -15.49 -0.15 854.62 8.72 -1.94 -4.03 -27.87 10.69 38.00 398.12 -10.94 -414.50 240679
19.23 13.34 3.34 10.09 855.03 8.93 0.37 -4.02 -43.50 17.37 13.56 393.75 99.06 -194.19 240870
19.23 6.21 -13.64 20.58 855.59 9.74 0.67 -0.85 -48.56 7.75 -3.50 568.69 255.56 -30.94 240987
19.25 11.64 -8.94 18.03 855.96 9.78 0.40 -0.48 -43.69 -23.37 -5.37 417.94 -71.87 19.50 241181
19.27 5.75 -6.80 3.51 855.89 8.98 3.09 -2.40 -36.25 -18.19 27.69 446.69 162.12 -272.06 241377
19.27 11.52 0.00 1.66 856.22 8.41 0.68 -4.98 -43.00 12.00 19.75 532.00 41.56 -214.87 241576
19.23 8.48 -4.06 0.08 856.59 8.05 0.37 -5.58 -48.88 6.37 6.25 483.19 -74.50 -245.69 241698
19.21 15.05 -8.32 -0.84 856.89 7.86 -4.54 -3.69 -41.06 -6.19 25.50 573.12 -149.69 -167.06 241901
19.21 8.59 -7.53 4.58 857.45 8.96 -2.84 -2.76 -30.00 21.25 30.00 189.12 -88.06 -291.94 242062
19.25 8.64 -10.48 6.48 857.64 9.20 0.36 -3.37 -42.56 14.56 18.56 763.31 9.81 -142.87 242257
19.25 10.75 -19.38 16.03 858.31 9.66 -0.06 -1.66 -48.06 8.56 -6.87 277.94 123.62 -79.75 242379
19.25 16.78 -10.85 9.57 858.53 9.60 1.81 -0.74 -41.75 -24.00 -8.38 452.50 13.25 -77.25 242584
19.25 12.44 -9.26 4.66 858.86 9.39 2.36 -1.55 -37.56 -28.87 12.50 423.62 131.94 -105.94 242710
19.23 10.97 -6.06 11.67 859.05 9.15 2.38 -2.58 -40.25 -2.19 27.00 468.94 101.94 -125.12 242909
19.23 13.34 -3.75 -3.88 859.38 7.74 3.41 -4.95 -50.25 0.06 6.06 501.06 38.94 -252.87 243115
19.25 8.04 -11.78 -1.81 859.42 7.35 -4.02 -5.08 -39.06 -14.00 25.50 608.75 -124.31 -245.94 243317
19.29 15.84 -10.24 1.10 860.28 8.98 3.16 -2.31 -34.25 -2.19 33.06 509.50 157.62 -242.75 243563
19.21 16.42 -18.86 6.87 861.02 9.32 2.75 -1.25 -48.75 7.87 3.37 315.69 285.94 -140.75 243769
19.23 16.55 -5.94 -0.37 860.72 8.26 4.04 -3.38 -32.06 -34.75 -8.75 715.37 191.50 -100.06 243976
19.23 8.54 -5.13 -3.84 861.17 8.97 2.23 -3.26 -29.37 -18.50 33.88 515.75 204.44 -257.69 244104
19.25 10.22 -5.57 -15.92 861.32 7.26 2.26 -6.18 -46.56 -0.25 16.69 874.25 -48.00 -282.56 244303
19.25 15.61 -14.14 1.82 861.43 7.50 -4.58 -4.33 -46.88 2.25 15.88 677.00 -179.31 -200.25 244426
19.25 7.04 -12.44 7.67 862.10 8.88 -2.21 -3.50 -34.69 9.69 33.19 282.50 -7.75 -442.44 244624
19.23 13.19 1.63 10.83 862.62 9.69 0.48 -1.40 -39.50 8.56 27.00 740.87 106.62 -108.94 244789
19.21 10.86 -5.71 24.56 863.47 9.74 0.81 0.75 -41.75 -10.00 -23.75 388.00 -53.88 24.81 245008
19.21 7.48 -16.21 14.15 863.70 9.56 1.35 -1.70 -42.38 -25.56 0.69 479.50 114.87 -95.44 245184
19.25 16.46 -6.55 3.95 864.00 9.21 2.24 -2.49 -37.19 -6.19 30.37 401.94 89.69 -218.50 245362
19.25 4.26 -2.09 -3.43 863.55 7.40 2.55 -5.90 -44.56 0.06 20.37 797.94 109.69 -334.12 245542
19.23 12.26 0.00 -5.44 864.29 6.92 -2.52 -6.46 -47.19 -3.56 14.25 683.62 -106.50 -206.87 245643
19.20 12.09 -7.42 3.58 864.33 8.06 -5.23 -1.94 -39.75 10.69 25.06 487.44 -229.56 -153.06 245825
19.18 11.71 -12.86 5.49 864.96 9.29 0.10 -3.12 -32.00 17.06 31.19 351.87 53.75 -348.25 246007
19.21 11.92 -4.09 10.83 865.37 9.54 0.82 -2.09 -39.75 10.75 25.75 757.31 137.50 -98.31 246120
19.25 15.89 -9.27 18.20 866.12 9.61 1.91 -0.13 -46.00 -3.56 -17.56 286.12 66.56 -177.50 246347
19.23 20.15 -6.05 5.80 865.97 8.67 4.47 -0.94 -38.56 -26.69 -12.88 409.50 88.44 -171.00 246455
19.23 13.88 3.27 -6.79 865.86 7.35 4.91 -4.23 -19.69 -33.75 29.25 504.94 248.25 -224.50 246636
19.21 10.06 3.25 -5.84 866.15 6.62 3.71 -6.20 -37.88 -1.00 29.56 553.56 82.56 -315.31 246820
19.20 8.61 -3.03 -4.14 867.01 5.58 -1.29 -7.95 -42.75 1.87 23.50 331.56 -40.00 -289.25 247007
19.18 9.95 -4.72 -2.81 866.74 6.29 -4.22 -6.22 -33.50 -4.06 34.19 405.25 -115.06 -258.37 247193
19.23 13.57 -4.31 -4.85 867.31 7.42 -3.86 -5.11 -20.06 17.06 40.25 218.19 -124.06 -248.94 247378
19.23 12.88 -6.07 -2.85 867.53 8.12 -2.59 -4.84 -20.87 22.56 36.06 296.00 -48.75 -271.87 247490
19.21 12.66 0.29 -2.53 868.05 7.41 3.05 -5.64 -44.56 16.25 15.38 289.31 -29.50 -366.87 247718
19.18 12.10 1.77 -6.55 867.75 4.75 3.78 -7.70 -42.38 -14.50 18.87 231.12 -15.19 -336.44 247823
19.18 6.22 0.07 -9.61 868.19 3.22 2.25 -8.98 -21.25 -30.19 30.69 250.25 154.37 -370.44 248011
19.20 5.54 0.27 -7.48 868.57 6.31 -0.54 -7.48 -8.00 -9.69 46.06 352.50 72.31 -402.56 248201
19.23 7.52 -1.89 -2.37 868.98 8.09 0.08 -5.53 -27.75 17.69 33.75 296.75 124.75 -223.00 248389
19.21 10.26 -2.34 -3.93 869.39 7.62 1.36 -6.00 -46.38 12.56 14.25 320.00 -101.06 -220.75 248579
19.18 10.78 -3.30 -3.11 869.09 5.38 -0.01 -8.19 -42.69 -3.37 25.00 74.00 15.63 -191.44 248770
19.18 9.19 -8.36 -0.56 869.87 7.42 -1.22 -6.28 -41.56 -15.38 23.87 304.19 85.19 -90.62 248962
19.18 9.01 -12.08 -1.15 870.20 9.25 -2.10 -2.44 -43.00 -6.00 21.87 224.75 30.56 -149.06 249196
19.21 14.02 -6.36 -1.41 870.39 9.55 2.16 0.46 -45.88 -4.75 19.56 364.62 125.62 -172.31 249386
19.21 12.27 -2.07 -1.35 870.62 7.63 6.14 -0.35 -47.75 -7.75 8.25 327.31 182.87 -112.87 249582
19.20 10.17 1.34 -4.01 870.47 5.56 7.82 -1.99 -41.50 -24.50 -6.37 276.87 270.31 -145.25 249775
19.16 12.52 5.84 -7.62 870.83 5.11 6.98 -4.61 -16.50 -45.38 -0.19 327.94 317.00 -126.06 249969
19.20 5.50 2.03 -1.97 871.36 6.74 6.38 -3.15 -13.19 -35.69 30.25 313.81 435.56 -197.44 250163
19.23 8.71 0.90 -7.46 871.77 6.39 3.14 -6.73 -37.50 -7.50 31.06 642.19 92.81 -211.94 250361
19.21 9.56 -4.14 0.09 871.84 6.94 -5.47 -4.22 -46.00 12.56 13.06 426.50 -131.56 -138.00 250560
19.16 12.27 -5.22 2.02 872.06 7.33 -5.15 -3.97 -42.69 11.06 20.75 108.37 -187.56 -204.06 250721
19.18 11.90 -3.70 -6.91 872.55 7.43 -1.50 -6.21 -27.06 -2.69 39.50 257.69 -94.50 -277.75 250918
19.18 6.52 -0.82 -6.34 872.66 7.41 -0.13 -6.42 -19.56 4.25 42.69 292.44 -30.56 -391.00 251038
19.18 10.81 -0.07 -19.15 872.77 5.41 0.94 -8.11 -28.25 14.38 35.38 348.62 38.19 -370.87 251236
19.21 6.26 0.54 -5.27 873.29 5.56 -0.90 -8.02 -40.75 6.87 27.00 420.94 -44.63 -327.00 251356
19.21 9.20 -0.89 -1.01 873.63 5.78 -4.79 -6.29 -36.38 3.56 32.25 231.37 -108.00 -194.25 251556
19.14 9.71 -1.88 -3.32 873.70 6.90 -1.96 -6.68 -24.56 -3.37 41.50 167.44 -82.81 -258.06 251758
19.14 8.45 -3.86 -6.17 873.92 7.08 -0.49 -6.76 -16.75 8.69 43.75 238.69 3.69 -307.69 251958
19.14 10.91 -2.18 -3.98 874.36 7.35 -1.09 -6.39 -41.69 18.75 18.56 440.37 -74.31 -279.94 252200
19.20 10.10 -1.75 -1.66 874.71 6.52 -1.58 -7.14 -46.06 2.50 17.50 188.25 -92.44 -250.56 252398
19.20 11.18 -2.60 -2.88 874.93 6.22 -0.91 -7.52 -36.50 -12.06 29.69 161.69 -29.31 -271.37 252558
19.14 9.79 -1.57 -10.89 875.03 6.19 -0.62 -7.57 -12.38 -7.25 46.75 385.62 3.37 -336.31 252735
19.12 8.47 -2.84 -6.36 875.33 7.18 -2.43 -6.20 -20.50 25.00 34.69 398.00 -102.56 -303.19 252913
19.16 10.77 -2.81 -1.72 875.74 7.31 -1.85 -6.25 -42.75 21.00 13.19 209.44 -107.25 -268.56 253097
19.14 10.40 -2.93 -3.96 875.93 5.85 0.11 -7.86 -45.38 -2.06 20.87 176.94 -74.06 -270.00 253277
19.20 9.85 -2.73 -6.33 876.27 5.13 -1.43 -8.22 -26.00 -16.87 38.06 274.56 -31.12 -298.37 253457
19.18 10.99 -1.65 -4.07 876.56 6.53 -1.95 -7.05 -15.25 -3.50 44.56 261.81 34.19 -301.31 253608
19.12 8.78 -1.78 -0.76 876.67 8.42 -1.38 -4.82 -23.50 13.88 38.06 390.19 -2.06 -236.06 253788
19.12 9.93 -2.63 -0.15 876.89 8.71 -1.26 -4.31 -40.19 23.87 12.50 305.31 -88.06 -152.75 253978
19.11 10.14 -2.99 -1.44 877.30 8.04 -0.73 -5.56 -44.56 18.37 6.25 197.00 -120.69 -196.06 254083
19.14 7.44 -3.36 -4.95 877.49 6.24 0.58 -7.54 -44.56 -8.38 19.00 276.00 -62.50 -325.06 254269
19.16 5.93 -2.00 -5.99 877.64 5.28 -2.26 -7.94 -19.69 -11.25 43.75 391.81 -77.94 -364.19 254455
19.14 7.69 -2.85 -4.90 877.60 7.15 -3.98 -5.39 -12.75 19.87 40.25 409.87 -147.87 -331.81 254638
19.11 10.18 -2.03 -6.29 878.19 6.81 -2.14 -6.71 -34.00 30.19 18.56 193.44 -195.62 -289.75 254825
19.11 8.41 -4.52 -8.23 878.30 4.70 -0.84 -8.56 -40.69 10.50 27.37 200.00 -127.12 -348.87 254983
19.09 8.08 -1.47 -7.97 878.71 3.75 -3.51 -8.34 -25.06 -5.00 41.19 283.56 -114.50 -359.44 255170
19.12 8.43 -1.02 -4.24 879.01 6.23 -3.77 -6.56 -13.56 11.69 45.00 300.12 -123.25 -330.62 255366
19.14 7.51 -3.93 -2.73 879.05 6.95 -3.13 -6.16 -20.69 31.69 28.87 191.00 -137.75 -283.62 255556
19.11 9.09 -3.15 -5.32 879.20 6.78 0.31 -7.07 -35.88 23.87 23.50 156.62 -3.81 -338.00 255746
19.09 9.05 -3.81 -6.89 879.60 5.49 1.55 -7.97 -43.00 -9.69 22.25 281.69 5.06 -330.31 255936
19.05 9.95 -2.89 -7.84 879.52 5.59 -1.60 -7.89 -24.75 -16.06 38.69 381.00 -23.87 -320.25 256124
19.07 10.99 -4.00 -4.42 879.79 6.68 -2.14 -6.85 -17.69 -0.50 45.19 200.81 -5.56 -365.25 256239
19.11 7.92 2.62 -7.17 880.31 6.13 3.92 -6.57 -28.87 -2.00 38.50 352.19 93.69 -366.19 256469
19.11 6.24 -0.33 -5.26 880.76 4.87 1.27 -8.41 -38.88 -2.37 29.69 331.12 38.31 -356.81 256659
19.09 7.83 -1.21 -3.95 880.83 5.37 -2.64 -7.76 -35.88 -8.25 32.00 312.94 -60.88 -253.44 256851
19.09 11.08 -1.90 -3.41 880.94 6.68 -2.09 -6.85 -24.37 -1.56 42.25 105.00 -21.12 -268.75 257042
19.09 8.43 -1.84 -4.14 881.16 7.18 -0.20 -6.67 -21.06 -3.37 42.69 197.12 7.81 -269.87 257155
19.14 9.78 -3.73 -5.75 881.84 7.56 -0.20 -6.23 -23.25 10.50 41.06 341.62 28.87 -261.75 257351
19.12 11.55 -3.60 -3.04 882.14 7.95 1.17 -5.60 -43.38 12.88 19.00 288.44 28.69 -271.50 257546
19.07 9.95 -4.68 -2.67 882.24 7.23 1.07 -6.53 -46.69 -10.88 14.06 341.81 22.81 -235.56 257747
19.09 10.18 -3.31 -8.07 882.50 6.36 -1.73 -7.25 -24.00 -11.25 42.00 342.00 -53.00 -309.19 257986
19.09 5.54 2.10 -7.09 882.73 6.75 -1.08 -7.02 -18.06 16.50 41.56 365.25 -71.00 -370.37 258177
19.12 10.03 -3.14 -4.75 883.03 6.92 -3.47 -6.01 -37.06 27.25 14.88 316.44 -137.69 -259.37 258373
19.11 9.02 0.96 -2.86 883.10 6.65 -1.69 -6.99 -45.19 7.19 17.56 247.12 -84.06 -208.00 258565
19.09 10.27 -4.03 -1.81 883.40 6.26 -3.41 -6.72 -37.06 -3.50 30.87 219.94 -92.19 -179.31 258760
19.09 8.92 -5.03 -1.65 883.73 7.26 -2.81 -5.95 -25.50 3.50 40.38 230.94 -48.38 -301.31 258956
19.07 8.68 -3.89 -6.55 884.03 7.65 -0.43 -6.11 -26.19 13.88 37.38 457.37 -92.75 -358.31 259152
19.11 9.52 -3.22 -6.13 884.44 5.54 -2.57 -7.67 -37.75 19.87 22.87 304.81 -210.87 -333.25 259353
19.11 7.62 -2.44 -4.31 884.66 4.54 -4.41 -7.48 -25.19 2.37 42.00 256.00 -177.44 -394.25 259597
19.05 6.75 -1.16 -4.59 884.99 5.91 -4.04 -6.69 -11.19 18.00 42.75 289.81 -121.75 -281.31 259798
19.05 11.09 -2.94 -0.80 885.21 7.93 -2.86 -5.00 -26.69 33.19 22.56 134.19 -30.56 -244.94 259997
19.04 8.84 -5.32 -0.38 885.73 8.63 0.53 -4.62 -47.19 12.38 10.00 303.50 -11.56 -228.94 260196
19.11 12.02 -3.61 -3.36 885.89 7.49 0.16 -6.32 -46.00 -12.06 15.00 364.87 -49.00 -227.37 260394
19.09 8.58 -1.32 -4.38 886.07 5.98 -1.05 -7.69 -24.50 -13.19 40.50 256.81 -82.00 -280.75 260631
19.05 7.91 -1.64 -5.67 886.33 6.51 -2.50 -6.88 -12.25 4.56 45.88 347.69 -21.44 -285.62 260729
19.05 7.70 -0.29 -1.99 886.66 7.53 -2.16 -5.88 -23.75 26.87 32.19 240.50 -74.12 -249.62 260908
19.05 11.49 0.17 -3.04 887.11 7.43 1.06 -6.30 -43.88 12.00 20.25 147.75 -14.38 -184.37 261130
19.07 11.62 -1.97 -4.25 887.04 6.97 1.39 -6.74 -46.38 3.06 19.19 200.25 1.69 -190.94 261231
19.07 10.60 -0.76 -3.67 887.15 6.40 1.34 -7.30 -43.88 -10.19 20.69 233.06 32.63 -250.81 261412
19.09 8.72 -3.47 -0.72 887.75 7.78 -0.30 -5.96 -33.25 -18.00 29.87 328.25 130.69 -271.94 261594
19.05 10.65 0.52 -2.04 888.00 8.38 0.92 -5.00 -30.69 -7.69 37.88 425.69 9.44 -225.81 261771
19.05 9.50 -4.48 -3.40 888.11 7.99 0.82 -5.61 -32.19 10.50 33.25 312.56 -18.62 -251.94 261954
19.07 10.17 -3.73 -9.13 888.38 5.98 1.26 -7.66 -40.38 5.69 26.50 313.62 -24.50 -328.69 262139
19.05 6.44 -0.39 -4.58 888.67 4.99 0.36 -8.43 -32.88 -14.69 33.38 209.06 0.37 -450.06 262323
19.09 7.15 -0.93 -5.89 888.97 5.76 -1.93 -7.69 -10.00 -7.25 47.00 392.87 12.69 -317.94 262547
19.04 12.70 -2.02 -3.53 889.30 7.34 -2.50 -5.99 -21.87 28.00 33.38 194.12 -55.88 -267.56 262727
19.04 10.25 -1.95 -2.83 889.52 7.50 1.75 -6.06 -37.56 16.50 26.75 148.69 36.75 -278.25 262910
19.04 11.71 -3.06 -5.13 889.86 6.76 1.84 -6.85 -45.00 -6.87 18.75 398.37 74.06 -269.56 263095
19.07 8.88 0.39 -1.21 890.16 6.62 0.49 -7.21 -35.69 -18.75 28.75 266.06 -7.81 -274.81 263281
19.05 8.76 -1.04 -3.04 890.46 6.66 -0.48 -7.17 -21.87 -14.00 41.38 260.50 20.06 -237.94 263469
19.05 10.64 -1.80 -5.18 890.57 7.20 -0.83 -6.59 -20.37 9.38 43.00 267.56 -23.06 -275.44 263657
19.02 8.61 -1.13 -4.36 890.49 7.15 1.90 -6.43 -36.06 13.50 31.06 191.31 60.44 -332.81 263848
19.04 9.12 0.62 -4.78 891.09 6.03 -0.18 -7.72 -43.88 -6.19 23.50 379.00 -12.69 -213.56 264076
19.04 11.68 -2.08 -1.98 891.31 6.58 -2.26 -6.90 -36.75 -4.69 32.25 139.75 -13.81 -246.06 264261
19.04 10.13 -1.35 -2.09 891.64 7.79 0.42 -5.93 -29.69 -14.69 35.69 292.06 46.31 -262.06 264448
18.98 11.19 -3.90 -3.82 891.75 8.03 0.07 -5.62 -29.00 6.75 39.50 327.12 9.63 -263.25 264635
19.00 11.54 -3.32 -6.57 892.46 6.93 1.87 -6.68 -36.38 10.50 31.50 310.50 -12.31 -309.87 264828
19.00 10.10 -1.35 -6.78 892.46 5.35 -0.60 -8.19 -41.19 1.25 27.25 317.25 -37.88 -332.44 265020
18.98 8.25 -0.13 -2.97 892.42 5.58 -1.27 -7.95 -38.19 -4.69 31.19 212.06 -19.56 -329.87 265134
19.04 9.74 -1.15 -2.10 892.76 6.86 -0.38 -6.99 -26.25 -13.56 39.56 244.62 20.44 -291.75 265336
19.04 7.99 -3.04 -3.83 893.09 6.19 -1.04 -7.53 -15.56 9.38 44.50 248.75 -69.00 -267.87 265577
19.00 10.36 0.25 -6.79 893.46 5.91 -0.01 -7.82 -26.06 20.19 35.25 132.50 25.00 -282.44 265771
18.98 8.65 0.06 -1.89 893.75 7.19 1.67 -6.44 -45.00 2.06 21.56 222.75 100.37 -246.44 265970
19.00 16.08 -5.61 -3.56 894.24 7.55 1.88 -5.95 -42.38 -19.06 17.00 310.12 75.94 -215.12 266183
19.04 8.44 -3.04 -7.01 894.43 6.29 0.89 -7.46 -23.37 -22.69 37.19 425.50 -10.56 -334.44 266387
19.04 6.65 -1.25 -7.37 894.54 6.82 -3.08 -6.32 -19.37 22.75 36.50 447.31 -108.19 -304.37 266592
18.98 10.41 -3.15 -1.58 894.87 7.51 -2.32 -5.85 -43.19 24.69 12.00 158.56 -133.81 -298.19 266797
19.02 9.57 -0.92 -8.40 894.95 4.66 -0.61 -8.60 -39.69 -8.69 28.50 232.06 -120.69 -262.81 266999
19.02 8.97 -3.27 -5.32 895.62 4.66 -2.68 -8.20 -12.00 -1.19 46.00 150.37 -22.69 -301.56 267242
19.05 11.56 -1.81 -1.22 895.92 7.44 -0.66 -6.35 -16.75 10.25 43.69 113.00 78.75 -264.81 267445
19.04 13.67 -0.70 -5.81 896.44 7.92 1.45 -5.59 -35.38 6.19 34.06 401.37 32.94 -182.00 267649
19.04 8.97 -3.28 -2.34 896.55 7.54 0.57 -6.23 -45.38 11.00 17.87 191.12 5.12 -336.19 267855
19.02 9.81 -1.30 -5.07 896.62 6.66 2.45 -6.76 -44.25 -16.06 17.75 376.12 50.31 -336.06 267985
19.05 8.12 -2.77 -4.74 896.59 5.90 -3.05 -7.21 -21.50 -7.19 43.69 396.56 -88.00 -222.94 268193
19.05 11.14 -5.51 -4.67 897.37 6.30 -4.10 -6.29 -14.19 21.37 41.00 170.50 -121.75 -266.56 268323
19.07 6.48 -4.24 -7.45 897.64 6.98 0.38 -6.87 -28.37 15.50 35.25 323.62 -6.50 -403.69 268526
19.02 9.82 -1.77 -3.82 897.85 6.34 -2.45 -7.06 -41.06 7.69 25.69 271.06 -35.19 -286.44 268835
19.04 8.40 -3.74 -2.72 898.00 6.87 -1.04 -6.91 -39.56 -7.56 28.37 273.69 -76.94 -272.56 268938
19.04 10.47 -3.25 -5.79 898.56 6.57 -2.68 -6.76 -22.50 1.00 43.69 288.44 -69.25 -245.37 269124
19.05 7.49 -0.50 -6.65 898.60 7.33 -1.43 -6.35 -24.00 18.00 36.50 311.94 -64.25 -264.75 269304
19.05 8.14 1.93 -1.27 898.94 7.81 -2.87 -5.18 -33.56 26.56 22.06 207.44 -38.56 -193.19 269489
19.05 10.74 -2.33 0.67 899.16 8.16 0.26 -5.42 -46.56 10.25 14.25 172.31 -3.50 -214.75 269675
19.04 7.69 -3.56 -0.61 899.56 7.86 0.75 -5.80 -47.38 -2.37 13.88 315.81 -32.13 -202.87 269780
19.02 11.07 -5.39 -5.02 899.19 5.87 -1.95 -7.60 -35.50 -8.25 33.00 236.31 -103.44 -215.87 269975
19.00 8.87 0.22 -7.49 899.93 6.11 -2.45 -7.26 -17.69 -1.56 44.50 360.00 -73.31 -307.69 270204
19.05 10.14 -0.23 -3.16 900.05 6.91 -4.40 -5.38 -19.50 30.69 31.06 284.25 -124.62 -206.19 270398
19.04 10.48 -4.13 -2.22 900.23 7.63 -1.97 -5.82 -36.19 26.56 18.06 158.50 -78.12 -277.25 270600
19.02 10.20 -1.82 -3.82 900.53 7.34 -0.33 -6.48 -46.56 5.37 18.06 302.00 -63.88 -280.06 270712
19.02 9.14 -0.78 -4.19 900.86 5.85 -1.46 -7.73 -40.69 -7.19 28.50 260.62 -114.12 -252.37 270899
19.04 9.69 -2.11 -4.13 901.46 5.14 -2.88 -7.83 -20.56 -1.56 45.19 192.94 -80.94 -266.94 271087
19.04 9.92 -2.27 -4.32 901.57 6.56 -2.61 -6.79 -15.38 15.50 43.00 234.69 -39.31 -327.50 271279
19.05 8.77 -0.72 -5.02 901.84 7.30 -0.94 -6.46 -34.69 20.69 29.56 370.37 -67.00 -330.94 271467
18.98 8.95 -3.44 -2.92 901.79 6.39 -1.52 -7.27 -45.06 5.75 22.69 274.25 -122.44 -289.87 271704
19.00 11.00 -3.29 -4.58 902.05 5.37 -2.26 -7.88 -35.06 -4.19 34.88 244.94 -135.06 -258.87 271819
19.02 11.12 -3.75 -7.36 902.54 5.22 -3.42 -7.55 -19.50 1.00 43.25 213.25 -65.12 -276.31 272010
19.02 8.34 -0.60 -2.94 902.76 7.02 -2.39 -6.41 -17.25 14.75 41.75 246.62 -19.06 -310.69 272203
19.04 10.37 -0.78 -3.83 903.25 7.65 -0.44 -6.11 -34.00 19.69 28.00 272.87 -45.13 -289.37 272395
19.02 10.86 -0.93 -5.51 903.54 6.12 0.39 -7.64 -44.38 3.00 24.19 268.12 -68.37 -281.00 272589
18.98 8.47 -1.51 -6.96 903.46 4.81 -1.97 -8.31 -31.69 -7.19 37.19 323.56 -92.44 -304.69 272788
18.98 9.86 -1.68 -2.91 903.79 6.52 -2.82 -6.74 -20.56 6.19 44.50 179.44 -12.44 -308.75 272982
18.98 10.16 -2.12 -1.02 904.46 7.89 -2.11 -5.41 -27.69 18.06 34.50 305.56 -75.56 -206.81 273215
19.04 11.41 -3.21 -3.73 904.47 7.33 -0.78 -6.46 -36.19 22.06 24.56 154.75 -60.75 -245.56 273411
19.02 8.57 -0.68 -3.40 904.88 6.93 1.09 -6.84 -45.88 -2.00 20.75 350.87 11.13 -312.12 273614
18.96 11.99 0.45 -3.39 904.98 5.88 -0.22 -7.83 -32.50 -15.00 33.38 223.19 -31.19 -267.94 273814
18.98 10.37 -1.92 -5.53 905.58 6.02 -0.62 -7.70 -17.69 -8.25 44.50 290.12 5.81 -276.75 274011
18.96 9.65 -1.07 -5.61 905.76 6.96 -1.95 -6.61 -21.00 18.75 38.69 275.62 -16.75 -282.50 274214
19.00 9.37 1.31 -0.95 906.18 8.18 1.39 -5.22 -42.56 13.56 20.75 176.87 37.94 -234.50 274417
19.02 10.04 -3.24 -5.28 906.55 6.85 2.04 -6.70 -45.50 -9.56 17.75 340.56 5.75 -250.50 274617
18.96 11.20 -2.10 -6.08 906.76 5.58 0.47 -8.04 -25.06 -17.56 38.06 285.19 10.00 -353.37 274862
18.96 8.82 1.45 -4.04 906.88 6.75 -1.12 -7.02 -17.25 3.56 44.75 325.50 35.00 -311.31 275067
18.96 10.14 -0.60 -0.60 907.43 8.32 0.04 -5.17 -37.38 17.25 26.87 230.75 46.50 -207.75 275269
19.00 10.01 -0.64 -2.95 907.85 8.11 1.11 -5.39 -48.50 4.25 14.00 264.31 -33.94 -201.94 275474
18.95 9.83 -3.25 -5.13 907.73 6.74 1.93 -6.85 -44.69 -11.56 19.00 196.56 -42.06 -276.81 275599
18.95 9.89 -0.80 -9.77 908.17 4.55 1.87 -8.48 -21.00 -25.37 36.56 318.00 66.75 -357.06 275806
18.95 7.47 1.83 -5.22 908.06 5.48 -0.65 -8.10 -12.06 -13.50 44.75 338.50 72.81 -366.12 275933
18.95 8.95 0.52 -4.42 908.40 7.64 -0.69 -6.10 -26.50 15.06 38.06 329.31 7.81 -272.37 276140
18.96 10.27 -1.62 -0.99 909.00 7.70 0.60 -6.03 -45.50 9.50 17.75 171.31 -44.19 -222.87 276388
18.95 11.43 -2.83 -6.40 909.29 6.47 1.59 -7.19 -44.06 -6.75 22.75 167.75 -25.62 -220.37 276514
18.95 7.61 -2.41 -4.21 909.62 5.61 1.38 -7.92 -31.00 -20.19 31.87 236.50 54.25 -321.25 276758
18.91 9.04 1.14 -3.72 909.65 6.34 0.22 -7.47 -19.87 -17.25 41.88 389.69 65.44 -277.94 276863
18.93 11.28 -2.79 -2.81 909.70 7.46 -2.05 -6.01 -24.00 16.06 39.50 256.94 -33.25 -229.81 277049
18.93 10.69 -3.57 -4.68 910.14 7.57 1.37 -6.07 -40.25 11.75 27.56 177.50 5.12 -307.69 277234
18.98 9.02 -2.06 -7.77 910.49 5.78 1.77 -7.71 -42.88 -5.69 26.19 379.00 -3.56 -343.94 277418
18.96 8.23 1.69 -7.34 910.67 4.92 -0.24 -8.47 -36.56 -10.88 31.87 305.81 -29.87 -335.06 277526
18.95 9.00 -2.13 -0.43 910.85 6.67 -0.09 -7.18 -24.37 -8.25 40.69 122.87 68.37 -243.81 277756
18.95 9.70 -2.19 -1.25 910.96 7.41 0.40 -6.40 -25.50 -8.69 41.06 253.31 58.69 -203.44 277864
18.93 10.67 -3.49 -2.92 911.37 7.87 -0.72 -5.80 -29.19 10.25 36.56 314.62 -19.37 -229.31 278049
18.95 10.67 -2.60 -6.84 911.74 7.48 1.28 -6.20 -39.88 11.00 27.00 205.25 22.56 -329.56 278234
18.96 7.81 3.19 -4.67 912.12 6.41 2.55 -6.96 -43.56 -11.19 22.06 401.94 82.00 -265.31 278429
18.93 10.44 0.04 -2.84 912.15 6.76 0.03 -7.10 -38.00 -14.56 28.50 365.00 49.31 -224.19 278538
18.91 12.65 -2.18 -1.87 912.44 7.01 -1.07 -6.76 -32.38 -9.06 36.56 185.44 -43.56 -186.31 278726
18.91 8.79 -1.54 -4.72 912.55 6.67 0.21 -7.17 -22.75 -3.75 43.38 222.81 -20.31 -280.94 278919
18.95 7.94 0.69 -4.54 913.08 6.50 -0.87 -7.28 -25.50 15.75 37.69 253.25 11.25 -230.31 279151
18.98 8.72 -2.71 -1.89 913.61 7.83 0.43 -5.87 -39.06 15.50 25.50 198.31 79.81 -238.87 279340
18.98 9.88 -4.16 -0.75 913.61 8.32 1.45 -4.97 -48.75 -0.50 13.69 348.12 77.87 -255.81 279451
18.95 9.27 0.23 -2.83 913.75 6.45 0.85 -7.33 -35.00 -19.37 29.00 327.25 -117.19 -241.00 279642
18.95 10.33 -4.49 -6.83 913.97 4.67 -2.24 -8.32 -14.88 -4.56 45.75 204.56 -53.81 -303.12 279837
18.91 9.76 -2.14 -7.10 914.23 6.04 -0.97 -7.65 -14.69 12.75 44.69 241.25 14.75 -371.56 280032
18.93 7.52 -2.39 -0.62 914.38 7.66 1.80 -5.84 -37.69 11.75 30.19 245.75 135.56 -324.50 280224
18.96 10.00 -1.76 -5.32 914.80 6.57 1.62 -7.08 -43.69 -14.00 21.00 339.62 -10.75 -224.44 280415
18.96 11.71 -3.15 -4.64 915.13 5.99 1.94 -7.51 -26.87 -19.50 36.25 95.69 68.81 -330.12 280651
18.93 8.39 -0.28 -5.77 915.27 6.26 2.13 -7.24 -15.75 -21.75 40.38 428.00 145.31 -319.62 280842
18.93 8.75 0.64 -4.04 915.72 7.45 -0.61 -6.34 -31.06 14.25 34.00 345.87 29.12 -314.50 281042
18.91 8.97 -3.38 -2.57 916.01 7.52 1.48 -6.11 -46.56 1.00 17.87 291.44 -3.75 -307.12 281239
18.96 9.57 -3.90 -7.14 916.02 5.24 -0.05 -8.28 -32.50 -16.06 34.25 302.31 -69.62 -329.06 281446
18.95 7.19 0.88 -6.78 916.54 4.77 -2.71 -8.12 -9.19 3.06 46.88 276.19 -48.44 -338.44 281643
18.93 12.33 -2.32 -3.16 916.72 7.38 -1.77 -6.20 -22.19 24.75 34.69 154.81 43.69 -282.37 281845
18.91 11.40 -2.28 -2.80 917.35 8.01 1.10 -5.54 -45.56 7.69 20.19 335.87 -15.38 -240.69 282044
18.89 9.87 -3.75 -4.60 917.53 6.75 0.90 -7.05 -46.00 -4.19 20.56 245.81 -43.63 -297.37 282205
18.93 9.97 -0.92 -7.77 917.84 4.98 2.16 -8.16 -28.06 -21.69 34.69 234.56 80.19 -378.00 282403
18.96 6.31 0.64 -6.94 918.14 5.23 0.37 -8.28 -12.56 -15.00 44.69 408.00 47.69 -380.69 282524
18.91 9.43 -0.63 -5.15 918.13 6.21 -3.14 -6.90 -21.50 25.87 35.50 269.00 -55.81 -295.69 282726
18.89 8.16 -1.73 -2.35 918.42 7.41 0.58 -6.39 -43.00 11.88 22.19 144.19 0.56 -288.06 282924
18.89 11.36 -1.75 -6.48 918.98 6.11 1.67 -7.47 -41.19 -12.56 26.25 257.87 29.94 -264.19 283124
18.93 9.77 -3.48 -3.84 918.95 6.34 0.86 -7.42 -28.50 -18.25 35.06 323.31 53.25 -314.19 283326
18.93 10.24 -1.87 -3.52 919.29 6.88 0.12 -6.98 -23.19 -10.06 41.19 320.81 41.69 -318.00 283452
18.91 9.60 -1.56 -5.03 919.69 6.98 -0.12 -6.88 -29.87 14.75 35.50 234.81 -21.56 -307.25 283701
18.87 7.79 -1.27 -6.79 919.72 6.15 1.80 -7.41 -41.06 -0.50 27.06 299.31 37.25 -325.56 283905
18.87 6.96 -2.34 -4.29 919.72 5.81 1.42 -7.76 -38.06 -14.19 30.19 271.50 54.94 -338.44 284032
18.87 10.40 -1.39 -5.84 920.17 5.51 0.60 -8.08 -21.00 -16.06 41.19 250.37 25.12 -319.75 284239
18.93 7.62 -1.67 -4.73 920.51 5.61 0.35 -8.03 -15.88 -8.25 45.38 261.81 15.81 -329.31 284365
18.91 10.74 -0.91 -6.54 921.03 6.47 -1.30 -7.24 -21.06 14.75 41.56 255.00 13.31 -297.56 284610
18.87 9.60 -2.35 -3.75 920.95 7.17 3.34 -5.79 -44.50 -1.56 24.00 188.31 127.44 -266.69 284799
18.87 8.45 -0.20 -4.94 921.17 6.67 3.71 -6.14 -41.88 -21.25 18.69 374.94 107.56 -258.12 284907
18.87 7.67 -1.19 -2.85 921.51 5.82 0.13 -7.88 -26.87 -16.06 37.75 261.81 -14.94 -292.81 285130
18.91 9.16 1.49 -4.37 921.59 5.78 -0.08 -7.91 -19.19 -9.06 43.88 188.56 18.19 -276.50 285238
18.93 6.37 -3.01 -3.60 922.30 7.26 0.32 -6.58 -24.69 4.69 42.69 284.81 90.50 -283.06 285420
18.91 9.26 -0.93 -4.18 922.37 7.79 0.36 -5.93 -38.75 11.38 29.75 372.81 -2.19 -297.62 285606
18.84 9.31 0.75 -5.43 922.54 7.03 0.77 -6.78 -45.06 2.87 22.50 275.56 -57.63 -276.75 285715
18.84 10.31 -1.32 -5.12 922.65 6.13 -0.30 -7.64 -40.25 -7.87 29.87 231.50 -2.44 -218.94 285905
18.87 11.01 -1.86 -1.32 922.84 6.55 1.43 -7.15 -30.25 -12.69 36.25 66.12 75.06 -264.12 286097
18.89 11.00 0.14 -3.37 923.44 6.86 1.65 -6.80 -23.56 -18.37 38.56 332.19 75.87 -226.44 286279
18.89 8.96 -0.23 -4.39 923.78 7.13 -0.32 -6.72 -28.00 8.25 39.38 279.31 -17.37 -243.19 286504
18.86 11.62 -1.31 -3.90 923.92 7.28 0.60 -6.53 -38.75 12.38 27.19 144.87 42.75 -270.25 286684
18.84 9.22 -0.27 -3.21 924.21 6.89 3.74 -5.88 -43.19 -15.69 18.00 287.69 116.25 -278.56 286867
18.84 10.70 -1.37 -3.77 924.32 6.17 1.35 -7.49 -32.75 -22.75 28.69 340.06 47.94 -263.00 287055
18.89 10.21 -1.03 -3.94 924.67 6.04 0.35 -7.71 -20.50 -9.19 43.50 197.56 -2.69 -282.44 287242
18.89 9.76 0.41 -5.58 925.23 6.38 0.94 -7.37 -20.87 1.69 44.19 211.56 78.87 -261.00 287428
18.87 8.82 1.23 -3.92 925.41 7.55 1.01 -6.17 -32.75 8.69 34.69 255.06 99.50 -228.12 287612
18.86 10.72 -0.37 0.12 925.81 8.27 2.69 -4.52 -47.25 -0.56 16.06 142.19 106.50 -175.69 287799
18.84 9.27 -1.36 -1.89 925.99 7.46 3.75 -5.13 -41.69 -25.50 12.25 358.94 60.69 -179.62 288029
18.84 9.29 -0.85 -2.66 926.33 6.40 2.18 -7.09 -29.25 -24.69 30.19 225.25 42.56 -233.69 288218
18.87 10.61 -0.66 -3.87 926.30 6.20 2.09 -7.30 -21.50 -18.37 40.38 215.62 69.62 -232.25 288335
18.89 8.54 -1.91 -4.19 926.79 7.25 1.24 -6.47 -26.06 0.19 39.88 319.69 112.75 -291.00 288524
18.86 11.00 1.47 -5.74 927.15 7.52 0.83 -6.23 -39.50 5.69 28.87 372.12 4.50 -255.00 288717
18.86 9.70 -3.64 -3.91 927.04 6.74 2.41 -6.69 -44.56 -4.69 23.69 124.12 38.63 -322.19 288907
18.86 11.11 -1.78 -8.20 927.04 5.45 4.28 -6.93 -38.69 -21.37 23.56 216.19 110.56 -346.94 289024
18.80 7.27 0.75 -8.61 927.70 4.86 0.73 -8.48 -13.38 -24.00 40.38 462.69 78.19 -383.94 289222
18.86 9.26 1.02 -3.63 928.15 7.07 -1.35 -6.65 -27.87 21.69 35.00 189.19 -18.69 -290.56 289460
18.84 9.85 -3.22 -4.82 928.67 7.40 1.74 -6.18 -42.50 6.06 24.69 152.75 63.38 -281.94 289654
18.82 5.88 -0.19 -7.42 928.52 6.02 3.27 -7.00 -38.00 -23.56 21.56 440.37 98.06 -395.12 289848
18.82 8.56 2.02 -5.50 928.85 4.94 -0.58 -8.44 -14.56 -7.69 46.38 305.06 -20.37 -347.00 290041
18.82 9.57 -1.70 -5.17 928.96 5.63 -2.31 -7.68 -17.56 19.87 41.00 205.06 -44.38 -281.94 290234
18.84 9.55 -0.72 -4.87 929.56 7.01 -0.42 -6.83 -31.37 20.56 31.75 142.37 29.50 -304.62 290430
18.82 9.35 -1.81 -4.82 929.97 6.97 2.47 -6.43 -44.06 -4.69 23.50 281.00 77.81 -319.31 290629
18.82 7.55 -2.25 -5.55 930.08 6.06 2.86 -7.15 -35.38 -22.50 25.00 341.31 73.31 -373.44 290749
18.80 9.30 0.71 -6.11 930.37 5.15 -1.05 -8.27 -14.25 -8.38 45.19 327.87 -25.62 -361.12 290988
18.82 8.80 -3.30 -6.50 930.52 6.37 -0.82 -7.40 -22.87 18.37 37.56 215.31 -4.19 -390.19 291184
18.87 8.73 -0.16 -8.75 931.32 5.91 0.53 -7.80 -39.06 3.50 30.00 276.37 -4.12 -356.12 291378
18.86 7.54 0.59 -4.15 931.39 5.24 0.36 -8.27 -31.25 -11.25 34.50 182.56 -6.75 -310.12 291576
18.80 9.47 -0.29 -2.60 931.49 5.79 1.47 -7.76 -19.19 -15.06 42.06 123.50 103.62 -240.50 291776
18.78 9.44 -1.75 -3.08 932.00 7.23 0.38 -6.61 -24.69 -5.37 41.00 350.25 62.81 -221.56 291982
18.82 10.48 -0.23 -2.34 932.31 8.05 0.50 -5.57 -38.06 12.75 30.25 303.50 38.00 -272.12 292183
18.86 11.68 -0.89 -4.06 932.84 7.87 0.87 -5.78 -46.56 0.19 19.69 290.19 30.37 -198.37 292387
18.84 10.02 -2.28 -1.07 932.91 7.68 1.55 -5.89 -42.88 -14.00 21.19 216.12 13.44 -242.37 292554
18.82 10.63 -0.44 -5.16 933.09 5.92 2.62 -7.36 -24.69 -24.00 35.38 242.69 25.31 -271.69 292792
18.82 8.17 -1.20 -6.56 933.20 5.50 1.06 -8.04 -15.38 -10.19 44.88 340.25 65.44 -320.44 292894
18.84 8.76 1.38 -4.95 933.58 6.60 -1.96 -6.97 -24.69 14.88 39.19 322.25 -11.75 -281.81 293072
18.86 8.88 -1.40 -1.47 933.73 7.57 -0.96 -6.14 -43.25 14.69 22.06 193.75 -26.44 -254.62 293252
18.86 12.87 -3.32 -6.09 934.18 7.11 0.14 -6.75 -45.38 -2.06 22.06 271.44 -29.81 -249.37 293430
18.82 8.54 -3.98 -6.99 934.09 6.10 2.15 -7.36 -32.00 -18.75 32.00 249.87 40.94 -391.44 293614
18.82 8.49 1.84 -7.54 934.87 4.93 0.58 -8.45 -13.19 -6.50 46.88 341.62 26.69 -366.00 293798
18.82 9.56 -1.82 -2.58 934.87 6.66 -3.16 -6.45 -26.50 25.37 31.69 249.00 -32.19 -260.44 294021
18.82 10.42 -2.09 -2.50 935.21 7.55 -0.68 -6.20 -42.56 12.00 20.06 125.00 -40.50 -251.56 294202
18.84 7.33 -3.56 -4.57 935.47 7.39 1.79 -6.18 -45.06 -6.50 22.37 197.50 72.56 -303.75 294382
18.86 8.90 -3.10 -9.06 935.96 6.11 3.05 -7.03 -28.25 -29.19 28.50 467.06 107.37 -352.50 294569
18.82 9.95 2.19 -4.92 936.32 6.06 -2.50 -7.28 -19.06 11.69 43.00 373.37 -50.69 -251.62 294757
18.80 7.88 -1.95 -3.22 936.50 7.22 -2.44 -6.15 -28.25 26.87 28.87 177.75 -55.25 -264.37 294941
18.80 10.79 -1.06 -3.75 936.50 7.59 -0.32 -6.19 -44.25 11.69 20.87 187.37 -9.63 -239.50 295132
18.84 8.86 0.02 -5.81 937.15 6.88 2.28 -6.59 -41.69 -12.50 23.19 183.56 57.75 -257.94 295319
18.82 6.38 -0.10 -2.29 937.44 6.76 0.16 -7.09 -30.87 -17.69 34.19 327.37 23.62 -266.56 295543
18.82 12.41 -0.46 -2.64 937.44 7.04 -0.97 -6.74 -25.00 -0.56 41.06 339.56 -12.25 -196.12 295731
18.80 11.39 -4.66 -1.99 937.95 7.29 -3.17 -5.73 -30.19 24.69 28.50 242.69 -104.69 -184.62 295918
18.80 11.06 -5.13 -6.10 938.18 7.18 -0.60 -6.65 -39.50 17.19 24.25 131.56 -36.75 -308.62 296111
18.84 6.49 0.56 -4.96 938.60 6.56 1.01 -7.21 -42.69 -5.00 25.06 359.25 12.13 -332.31 296301
18.84 8.25 3.42 -5.57 938.93 6.41 -1.21 -7.32 -34.50 -9.50 34.19 386.44 -8.81 -218.87 296416
18.86 10.24 -2.17 2.76 938.97 7.85 -2.23 -5.42 -33.00 5.06 36.06 122.69 -16.87 -196.62 296609
18.78 13.90 -2.74 -0.96 939.36 7.60 0.37 -6.17 -31.87 -1.56 38.06 272.50 -54.13 -219.62 296799
18.82 9.29 -5.98 -9.87 939.78 6.12 -2.64 -7.19 -29.25 21.06 33.06 391.62 -130.75 -318.50 297033
18.84 8.67 0.74 -5.38 939.93 7.17 -2.59 -6.16 -43.06 13.50 23.56 277.69 -85.00 -356.44 297230
18.87 10.47 -0.85 -3.71 940.24 7.41 -1.53 -6.23 -37.50 -6.06 31.19 335.94 -87.94 -215.25 297425
18.86 9.72 -3.03 -2.25 940.53 6.46 -2.97 -6.74 -24.19 11.25 40.69 201.25 -155.81 -203.62 297625
18.82 10.21 -3.39 -6.55 940.67 5.28 -2.54 -7.85 -15.69 21.69 39.88 141.75 -86.19 -295.25 297822
18.82 6.86 1.29 -3.98 941.12 7.07 -2.14 -6.44 -38.00 20.00 25.37 384.44 -53.63 -377.94 298017
18.84 11.20 -1.85 -0.64 941.61 7.41 -1.24 -6.29 -44.50 3.56 21.19 203.44 -75.62 -244.50 298212
18.87 10.94 -6.42 -5.83 941.69 5.44 -0.45 -8.14 -30.75 -11.19 36.50 264.56 -88.25 -286.12 298405
18.86 7.81 -3.76 -4.87 942.09 5.27 -2.35 -7.92 -15.69 -0.50 45.69 268.44 -61.69 -354.94 298565
18.84 9.91 -0.58 -4.03 942.27 6.83 -1.48 -6.87 -23.87 17.25 39.56 308.37 -11.69 -281.06 298761
18.82 10.40 -4.03 -2.00 942.23 8.18 -2.06 -4.98 -41.69 19.19 17.06 203.75 -30.56 -214.31 298960
18.84 10.18 -2.40 -4.99 942.72 7.89 0.87 -5.75 -47.19 -2.00 16.37 236.50 -3.44 -266.94 299161
18.86 10.53 -1.47 -6.05 942.99 7.30 1.46 -6.37 -38.19 -19.06 26.25 365.75 26.94 -280.94 299280
18.87 7.76 3.62 -1.60 943.47 6.39 0.05 -7.43 -21.50 -7.87 41.88 281.75 -34.50 -233.81 299476
18.84 9.97 -1.67 -0.90 943.28 6.46 -1.08 -7.29 -21.87 11.75 41.38 129.37 12.31 -170.81 299676
18.82 10.86 -2.77 -3.83 943.79 7.18 0.11 -6.67 -31.87 12.06 33.38 252.62 35.25 -252.06 299876
18.82 7.81 -2.28 -7.60 944.02 6.84 1.76 -6.79 -44.56 -0.88 22.37 358.25 11.00 -383.19 300120
18.82 9.13 -1.62 -6.17 944.35 5.16 -0.84 -8.29 -27.87 -13.06 38.38 284.12 -52.13 -382.06 300319
18.84 11.28 -2.19 -5.84 944.62 5.41 -0.53 -8.16 -12.00 1.37 46.06 325.25 6.81 -348.06 300518
18.80 11.07 -2.72 -3.64 944.87 6.94 -2.92 -6.27 -27.56 25.06 30.37 261.25 -55.31 -281.75 300754
18.80 10.26 -1.24 -4.27 945.54 7.42 0.95 -6.33 -44.25 1.69 22.75 151.50 43.13 -284.31 300931
18.78 7.64 0.21 -3.91 945.60 7.09 2.79 -6.16 -37.25 -24.25 23.56 381.44 102.37 -290.37 301107
18.84 8.88 1.07 -2.87 945.95 6.58 -0.37 -7.25 -25.37 -13.56 39.88 378.94 -27.00 -221.81 301286
18.84 9.56 -0.49 -0.87 946.18 6.43 -1.72 -7.19 -21.25 3.75 42.56 216.31 -58.31 -209.50 301392
18.84 9.93 -0.58 -4.14 946.40 6.31 -0.92 -7.44 -25.37 16.06 37.56 241.31 -22.69 -242.19 301616
18.80 6.81 -1.66 -3.23 946.54 7.27 -2.19 -6.20 -36.88 19.87 25.06 317.37 -44.38 -280.12 301798
18.78 11.18 0.34 -4.64 946.83 7.71 -0.85 -5.99 -44.56 1.37 20.50 235.50 -26.37 -263.44 301982
18.80 9.30 -2.18 -1.32 946.99 7.76 0.21 -5.98 -42.50 -9.50 25.06 273.87 -2.06 -270.75 302088
18.82 11.07 -1.69 -2.09 947.25 6.82 -0.62 -7.01 -27.19 -7.25 39.56 319.69 -78.00 -224.19 302266
18.84 10.40 -3.51 -5.09 947.63 5.62 -1.66 -7.85 -18.25 10.19 43.38 202.31 -101.12 -287.44 302447
18.84 9.95 -1.20 -8.17 947.74 5.69 -2.11 -7.69 -24.37 21.00 36.88 307.06 -51.38 -355.19 302632
18.80 8.12 0.04 -4.92 947.99 7.05 -1.52 -6.64 -39.56 15.38 25.50 278.44 -29.75 -336.56 302815
18.80 10.37 -2.04 -2.61 948.43 7.27 -0.90 -6.50 -38.25 -7.69 31.56 283.31 -65.00 -268.25 303043
18.80 10.59 -1.30 -5.24 948.43 5.60 -1.08 -7.97 -20.56 -0.56 44.50 249.12 -129.25 -255.19 303224
18.82 9.71 -4.27 -7.84 948.92 4.69 -2.10 -8.34 -10.56 16.06 44.56 167.94 -51.06 -338.37 303410
18.80 9.91 0.46 -5.13 949.33 6.21 -1.54 -7.42 -30.25 19.87 32.69 262.94 2.37 -339.81 303598
18.77 9.63 -3.28 -3.01 949.58 7.62 0.17 -6.16 -45.50 -0.50 22.37 274.56 23.56 -343.50 303784
18.77 9.79 -1.31 -7.08 949.35 5.86 0.43 -7.84 -35.50 -18.25 30.37 385.62 -63.31 -305.50 303968
18.77 10.31 -4.85 -6.62 949.80 5.31 -0.24 -8.23 -14.25 0.50 46.38 202.06 5.12 -340.56 304157
18.80 9.08 -2.37 -4.82 950.22 6.63 -1.12 -7.12 -24.06 16.87 38.38 307.94 31.50 -350.62 304347
18.80 10.72 0.12 -5.08 950.55 7.26 -0.38 -6.57 -43.00 6.87 23.19 336.25 -17.31 -266.00 304578
18.75 11.72 -0.42 -3.51 950.87 7.12 -0.14 -6.74 -41.38 -7.19 26.56 151.37 -23.00 -239.12 304769
18.75 8.89 -3.07 -1.34 951.21 7.00 2.81 -6.26 -30.25 -20.69 33.88 141.37 112.81 -273.69 304956
18.77 8.75 0.92 -4.97 951.36 5.97 3.21 -7.08 -19.87 -18.37 41.00 408.87 76.31 -265.37 305147
18.77 10.15 -1.73 -4.11 951.36 6.26 -1.18 -7.45 -27.69 16.87 36.00 284.06 8.25 -256.69 305337
18.77 10.94 -2.62 -4.29 951.92 7.09 -0.46 -6.74 -40.69 13.50 24.69 154.87 -3.19 -257.94 305531
18.77 9.21 -2.48 -5.48 952.25 7.36 2.05 -6.13 -43.69 -10.19 21.56 259.75 96.00 -313.87 305729
18.73 9.22 -0.08 -5.59 952.28 6.67 0.84 -7.13 -28.37 -22.06 34.06 424.94 18.81 -273.25 305924
18.75 8.20 -3.43 -0.70 952.77 7.10 -0.17 -6.76 -26.19 10.19 39.56 205.75 -3.31 -287.19 306161
18.75 10.80 -3.16 -5.40 952.99 6.67 -0.91 -7.12 -35.06 13.50 32.25 333.62 -34.19 -226.62 306352
18.77 10.17 -3.33 -8.06 953.48 7.09 -0.47 -6.74 -42.88 3.50 23.56 268.94 22.87 -316.00 306542
18.75 8.60 0.17 -5.70 953.44 7.60 -0.31 -6.18 -44.00 -7.69 23.19 373.94 16.50 -268.81 306658
18.75 9.45 -1.77 -1.36 953.55 7.81 -0.25 -5.91 -34.25 -9.75 34.56 319.25 -28.25 -210.81 306849
18.73 11.86 -3.12 -3.78 953.84 7.13 -2.34 -6.30 -27.19 6.06 39.88 295.50 -90.50 -154.62 307046
18.73 11.03 -2.17 -2.44 954.06 6.84 -2.07 -6.70 -25.00 23.87 33.38 131.81 -53.25 -215.62 307243
18.80 11.39 -1.21 -2.28 954.68 7.72 -0.93 -5.97 -37.25 17.56 26.56 288.19 19.69 -232.06 307442
18.73 10.07 -1.82 -0.46 954.95 8.56 0.53 -4.74 -48.38 -2.75 13.25 219.50 15.13 -260.31 307689
18.71 12.02 -1.55 -3.74 955.13 7.79 2.22 -5.51 -40.56 -22.50 20.56 325.94 -8.25 -238.87 307814
18.71 8.87 -1.85 -5.11 955.13 5.51 0.42 -8.09 -18.25 -8.38 44.56 254.62 -59.63 -306.06 308014
18.71 7.73 -1.39 -5.08 955.69 5.74 -1.18 -7.85 -19.19 15.38 42.19 313.56 22.31 -379.87 308217
18.73 7.74 1.55 -6.31 956.07 7.47 -2.05 -6.01 -43.25 12.50 21.00 444.19 -44.44 -279.37 308433
18.71 8.10 -2.88 -0.64 956.03 7.90 -1.70 -5.55 -44.69 -1.25 22.75 214.25 -124.94 -225.19 308642
18.68 10.27 -2.83 -5.78 956.05 5.96 0.20 -7.77 -25.50 -8.00 41.50 175.25 -52.31 -312.25 308894
18.66 9.64 -0.07 -7.27 956.79 5.52 -1.14 -8.01 -16.25 9.75 45.00 384.56 -14.25 -368.69 309076
18.71 10.22 -1.76 -6.46 957.03 6.25 -2.30 -7.19 -40.38 13.50 25.50 273.37 -120.87 -341.25 309296
18.71 7.95 -1.67 -4.97 957.14 6.22 -0.90 -7.52 -37.06 -3.50 32.00 202.75 -50.63 -350.87 309483
18.68 9.29 -1.87 -5.54 957.39 6.04 0.01 -7.72 -29.25 -11.00 37.75 234.50 -17.56 -309.87 309587
18.64 9.30 -3.16 -3.51 957.64 5.59 -1.06 -7.98 -16.00 1.69 46.19 217.56 -37.44 -263.19 309774
18.64 9.53 -3.21 -3.79 957.97 6.05 -0.84 -7.66 -20.37 15.69 40.75 187.00 -3.81 -271.00 309960
18.64 9.73 -2.14 -5.47 958.20 6.91 -0.82 -6.89 -33.06 16.50 32.38 322.75 18.56 -276.12 310145
18.70 9.12 0.01 -3.03 958.66 8.12 -0.96 -5.40 -47.19 5.00 17.50 261.19 1.00 -282.37 310334
18.70 9.20 0.59 -1.13 958.88 7.85 1.44 -5.69 -39.25 -19.50 23.69 289.37 -10.75 -205.00 310521
18.64 10.98 -4.15 -5.15 959.09 6.50 0.42 -7.32 -25.19 -11.38 41.19 216.56 -27.75 -236.94 310764
18.62 9.07 -0.40 -4.03 959.27 5.82 -0.30 -7.88 -17.75 6.06 45.00 293.81 -17.00 -269.75 310949
18.64 9.43 1.42 -4.43 959.09 6.18 -1.75 -7.40 -30.37 20.87 31.69 202.62 -12.94 -259.62 311139
18.68 9.88 -0.43 -2.81 959.62 7.65 -1.25 -6.00 -44.75 9.06 20.56 276.19 22.50 -227.94 311328
18.68 9.06 0.07 -0.42 959.95 8.28 -0.81 -5.18 -48.19 -0.56 17.87 259.69 -0.13 -206.25 311443
18.68 12.61 -2.57 -2.03 960.40 7.90 0.60 -5.77 -40.00 -15.50 25.50 185.87 -34.88 -172.56 311632
18.64 11.10 -3.81 -3.64 960.54 7.21 0.44 -6.63 -27.00 -12.56 38.50 317.44 -1.25 -249.31 311819
18.62 9.79 -1.00 -1.09 960.83 6.79 0.31 -7.06 -23.69 3.37 42.25 311.62 -13.44 -282.75 312016
18.68 10.97 -1.76 -3.59 961.18 6.93 -1.92 -6.65 -37.06 18.56 26.25 315.12 -43.00 -251.50 312252
18.68 9.33 -2.62 -4.85 961.18 7.10 -2.00 -6.45 -44.75 5.00 21.00 273.62 -117.81 -287.81 312456
18.66 9.80 0.12 -5.89 961.58 6.12 -0.91 -7.60 -30.75 -7.69 38.19 183.00 -67.19 -303.75 312658
18.64 10.07 0.23 -3.08 961.99 5.81 1.30 -7.78 -15.50 -8.00 46.19 178.69 50.94 -272.25 312851
18.64 10.78 -0.94 -2.74 962.21 6.61 -0.64 -7.21 -22.19 10.19 43.06 345.19 45.19 -251.50 313044
18.68 12.36 -1.36 -1.70 962.41 7.92 -1.71 -5.51 -41.88 18.69 19.87 285.00 -20.81 -213.44 313237
18.66 11.36 -1.13 -1.83 962.81 8.33 -0.38 -5.15 -49.00 -0.56 14.56 221.56 -14.94 -209.31 313432
18.66 10.54 -1.97 -1.78 963.14 7.79 1.44 -5.77 -39.69 -19.50 25.56 271.31 14.31 -256.87 313627
18.59 10.76 0.54 -3.41 963.42 6.18 -0.02 -7.61 -22.19 -9.19 43.50 308.87 -54.13 -237.87 313867
18.57 10.49 -2.45 -5.66 963.93 5.72 -0.80 -7.92 -17.75 16.75 41.50 133.62 10.13 -281.31 314066
18.57 8.55 -0.18 -3.99 964.04 6.64 0.46 -7.19 -36.00 11.69 31.37 256.94 31.69 -303.87 314263
18.62 10.12 -1.42 -4.37 964.17 7.19 0.97 -6.58 -43.75 -4.69 24.50 204.75 77.06 -305.31 314463
18.57 11.08 -0.20 -5.84 964.60 6.53 1.11 -7.22 -31.06 -23.19 30.87 367.75 10.94 -271.44 314661
18.55 11.83 -1.21 -4.46 964.89 6.31 0.09 -7.50 -18.87 -1.25 45.25 195.75 5.44 -260.56 314861
18.53 11.31 -0.18 -3.50 965.18 7.20 0.25 -6.65 -26.25 10.06 38.88 236.50 79.00 -220.62 315068
18.53 10.12 -1.05 0.67 965.63 8.38 0.67 -5.04 -44.75 10.88 20.69 203.31 61.00 -153.94 315269
18.53 10.59 -1.50 -1.69 965.96 8.34 1.92 -4.77 -48.19 -10.56 9.25 287.19 36.00 -214.50 315509
18.52 9.83 -0.77 -4.59 966.37 7.25 2.55 -6.08 -35.19 -27.06 24.06 331.56 54.38 -227.31 315712
18.50 9.19 1.61 -3.32 966.43 6.87 1.16 -6.89 -22.19 -12.19 40.88 269.37 43.38 -219.44 315922
18.50 11.36 -1.04 -1.22 966.88 7.19 0.37 -6.65 -27.00 7.19 40.88 180.62 24.31 -150.37 316129
18.52 9.14 -5.56 -1.14 967.37 7.83 0.29 -5.89 -36.69 12.38 30.56 312.87 52.25 -225.75 316330
18.52 11.68 -1.94 -2.85 967.48 8.02 0.16 -5.63 -47.75 2.75 16.87 284.94 1.62 -239.19 316540
18.50 10.11 -1.99 -3.30 967.66 7.84 1.49 -5.69 -44.06 -13.25 19.56 259.00 30.62 -279.81 316672
18.48 11.60 -0.14 -7.94 968.06 6.72 1.54 -6.96 -25.87 -23.25 34.75 411.31 38.69 -284.06 316878
18.50 9.14 0.47 -3.72 968.33 5.85 -0.03 -7.86 -22.69 10.06 43.06 221.12 -36.50 -237.37 317130
18.53 10.12 -3.42 -2.53 968.41 6.48 -0.51 -7.33 -32.00 18.00 31.25 128.06 63.06 -277.75 317382
18.53 10.79 0.93 -4.49 968.86 7.39 1.23 -6.32 -45.56 -12.06 17.87 358.06 43.06 -248.19 317565
18.52 9.39 -3.23 -4.10 969.15 7.33 0.90 -6.44 -39.69 -18.37 25.19 297.56 25.50 -286.81 317670
18.52 10.70 -1.90 -5.62 969.26 6.41 2.16 -7.09 -22.56 -18.37 40.00 204.44 49.19 -272.25 317857
18.50 12.34 -2.60 -3.24 969.44 6.13 1.88 -7.41 -19.00 -4.69 45.00 206.50 77.31 -223.62 318040
18.55 9.41 -2.91 -4.64 969.91 6.81 1.15 -6.96 -29.37 5.00 38.50 333.94 87.25 -265.75 318228
18.57 8.86 0.21 -5.26 970.06 7.71 -0.08 -6.04 -46.38 5.25 20.25 426.81 28.44 -296.44 318414
18.57 9.61 -2.30 -2.20 970.51 7.82 0.82 -5.84 -39.00 -15.88 28.25 243.06 -35.25 -285.06 318645
18.53 10.36 -0.47 -6.23 970.75 5.44 2.60 -7.73 -20.75 -18.06 39.75 197.25 -11.13 -279.56 318832
18.55 10.13 -0.76 -7.01 970.91 4.40 2.01 -8.52 -9.38 -7.37 48.06 200.25 37.94 -278.44 318943
18.53 10.38 -1.44 -5.33 971.20 5.16 -0.20 -8.33 -17.56 10.06 44.25 230.12 65.19 -280.25 319131
18.55 9.32 -0.36 -3.39 971.47 6.93 0.47 -6.91 -40.19 10.50 28.25 217.06 57.00 -273.62 319318
18.55 10.65 -3.11 -5.11 971.69 7.81 0.77 -5.87 -44.69 -10.19 20.25 303.19 82.62 -252.87 319508
18.57 9.12 -3.29 -4.02 971.96 8.03 1.36 -5.45 -41.69 -18.37 21.37 334.81 47.94 -254.62 319623
18.55 11.64 -0.21 -1.93 972.25 7.38 0.84 -6.40 -28.00 -12.50 38.56 261.19 -4.75 -210.31 319815
18.53 10.05 -3.41 -4.46 972.31 6.73 1.14 -7.03 -23.19 -0.19 43.56 218.69 6.25 -247.19 319969
18.53 10.29 -2.55 -3.75 972.54 6.57 -0.08 -7.27 -30.56 12.38 36.25 327.87 15.13 -249.56 320161
18.57 10.80 -0.56 -2.95 972.96 7.25 -0.47 -6.58 -45.00 8.25 21.06 225.44 -5.87 -260.69 320360
18.59 9.34 -0.42 -3.21 973.34 7.01 2.46 -6.39 -40.50 -18.00 22.56 176.19 64.50 -309.56 320550
18.55 9.94 -1.88 -6.52 973.58 5.96 2.38 -7.41 -24.19 -28.87 32.06 337.06 65.06 -276.12 320741
18.57 9.03 -0.16 -2.98 973.85 5.77 -0.13 -7.92 -13.38 0.06 45.88 237.31 19.44 -299.50 320941
18.57 9.48 -1.63 -1.86 973.96 6.81 1.21 -6.94 -29.00 13.06 37.88 166.50 64.44 -248.25 321136
18.59 11.46 -3.54 -7.82 974.12 7.07 0.52 -6.76 -42.75 4.56 25.56 328.62 65.94 -253.44 321333
18.61 9.46 -0.38 -4.62 975.05 7.30 3.18 -5.71 -39.00 -24.37 18.37 322.56 96.87 -311.87 321570
18.57 10.28 0.70 -5.79 974.85 6.50 2.45 -6.91 -27.50 -29.25 31.37 383.94 61.56 -263.19 321689
18.55 11.36 -2.86 -1.74 975.26 6.84 1.39 -6.87 -20.06 -5.50 43.75 181.81 76.75 -233.37 321887
18.57 10.42 -2.33 -3.49 975.52 7.00 1.74 -6.63 -31.19 5.56 37.25 243.62 54.00 -240.19 322084
18.59 10.29 -0.35 -6.44 975.90 6.44 1.68 -7.20 -41.56 1.87 28.19 296.06 44.56 -269.81 322280
18.61 9.73 0.36 -5.50 976.17 6.99 0.29 -6.86 -42.00 -9.56 25.56 262.75 79.12 -283.12 322478
18.61 8.70 0.18 0.31 976.39 7.69 2.14 -5.68 -38.56 -16.56 26.37 147.56 132.31 -280.31 322599
18.57 13.00 -2.75 -3.70 976.75 7.20 2.83 -6.01 -26.69 -25.56 32.88 339.00 54.31 -213.37 322799
18.57 11.15 -1.01 -6.41 976.97 5.31 1.20 -8.15 -22.25 4.87 43.06 259.19 -18.69 -294.81 323046
18.57 8.45 0.23 -6.18 977.19 6.29 -0.43 -7.50 -33.75 11.88 33.19 264.12 109.81 -308.69 323249
18.61 10.61 -0.35 -1.41 977.50 8.61 0.58 -4.64 -47.50 -7.00 14.56 255.06 94.44 -178.50 323463
18.59 10.44 -1.36 -0.68 978.02 8.56 2.81 -3.84 -41.88 -24.06 14.06 236.44 20.06 -179.94 323662
18.55 9.12 -0.85 -4.39 978.04 6.68 2.13 -6.85 -25.56 -23.25 34.25 338.06 4.12 -202.37 323867
18.57 9.83 -1.43 -1.90 978.31 6.93 2.12 -6.60 -27.00 0.37 41.56 262.25 145.81 -276.12 324067
18.57 8.61 2.10 -3.05 978.75 7.71 0.81 -5.99 -45.56 3.06 20.69 454.31 52.75 -192.62 324267
18.61 10.86 -3.71 -2.17 979.06 8.40 -1.58 -4.79 -48.19 -0.69 14.69 262.19 -18.94 -192.56 324471
18.59 9.83 -2.33 -5.52 979.35 8.02 1.56 -5.40 -40.75 -18.06 22.69 260.62 -32.75 -305.44 324641
18.57 8.33 0.65 -5.93 979.53 5.57 0.69 -8.03 -15.56 -14.06 44.38 347.19 -23.06 -254.56 324847
18.57 8.72 -2.01 -2.77 979.64 5.96 -1.66 -7.60 -16.37 20.50 40.56 282.94 34.25 -312.06 325052
18.55 11.28 0.86 -1.26 980.16 7.57 -2.92 -5.49 -42.75 20.56 15.88 292.19 -95.31 -186.81 325259
18.55 9.93 -5.33 -4.29 980.27 7.14 -2.42 -6.26 -45.69 5.25 19.06 177.25 -105.62 -229.75 325504
18.52 9.14 -1.27 -5.33 980.52 6.53 1.30 -7.19 -28.56 -16.50 36.75 220.69 10.63 -329.75 325688
18.48 10.74 -0.74 -4.05 981.10 6.44 0.37 -7.37 -16.00 -2.87 44.75 294.19 51.13 -242.37 325874
18.48 9.33 -2.33 -1.38 981.54 6.83 -1.28 -6.91 -29.00 20.56 33.38 308.37 -61.44 -217.00 326058
18.46 11.03 0.53 -2.51 981.83 6.92 -1.77 -6.70 -40.50 18.69 22.25 162.44 -20.37 -199.12 326284
18.50 9.64 -1.83 -0.53 982.03 7.95 -1.51 -5.52 -47.19 2.75 16.56 262.31 31.00 -194.00 326468
18.44 12.62 -2.68 -0.57 982.24 9.02 -0.51 -3.80 -46.75 -10.56 16.19 382.94 -6.75 -207.56 326649
18.44 10.36 -1.86 -0.42 982.35 8.21 1.06 -5.25 -34.06 -11.00 33.56 286.44 -59.31 -221.31 326835
18.43 12.16 -2.58 -4.78 982.64 6.57 0.16 -7.27 -22.69 8.69 42.00 301.75 -47.00 -230.69 327028
18.46 9.59 -0.53 -3.50 983.06 5.86 -1.08 -7.78 -29.69 20.19 33.25 268.19 -57.38 -304.75 327216
18.50 9.69 1.07 -5.46 983.15 6.44 -2.84 -6.82 -41.56 12.00 25.25 304.62 -36.13 -262.94 327403
18.48 8.11 -1.91 -1.04 983.55 7.89 -0.64 -5.77 -42.75 -5.00 27.19 162.19 -13.69 -307.87 327595
18.46 11.11 -2.89 -4.91 983.95 6.62 0.14 -7.22 -20.75 -7.00 44.25 339.62 -70.62 -281.12 327824
18.44 10.70 -2.58 -6.14 983.91 4.92 -0.75 -8.44 -15.19 14.69 43.19 209.56 -64.37 -345.50 328013
18.44 10.11 -2.57 -6.76 984.02 5.57 -0.72 -8.03 -32.25 16.87 32.50 291.44 14.94 -426.00 328206
18.44 11.19 -0.12 -6.59 984.69 6.60 -1.24 -7.14 -39.00 -6.87 29.75 342.81 -30.44 -378.00 328400
18.44 8.94 -3.46 -6.28 985.02 6.27 -1.15 -7.45 -20.75 -3.87 43.88 298.75 -99.06 -323.50 328596
18.41 10.96 -2.12 -5.79 984.93 5.88 -1.78 -7.63 -14.06 10.50 46.25 242.56 -70.62 -287.56 328705
18.37 9.91 -2.99 -3.07 985.18 6.10 0.38 -7.66 -27.06 18.25 37.06 165.94 34.88 -325.00 328894
18.39 9.79 -2.35 -6.17 985.33 6.70 -0.70 -7.12 -44.19 5.25 24.50 424.69 -7.25 -300.87 329079
18.41 8.59 -1.14 -2.90 985.71 7.46 -0.74 -6.31 -40.50 -7.69 29.06 181.56 -38.19 -305.19 329310
18.41 9.75 0.10 -5.18 986.38 6.87 1.93 -6.72 -22.69 -17.25 40.06 216.75 53.31 -258.50 329501
18.35 8.27 0.97 -2.35 986.25 6.60 1.24 -7.13 -21.56 0.50 44.25 300.00 41.75 -242.62 329689
18.35 9.55 -1.24 -3.14 986.69 6.14 -0.91 -7.58 -32.00 18.69 32.06 280.00 -44.63 -214.12 329877
18.35 9.10 -2.66 -3.47 986.81 6.58 -0.99 -7.19 -41.56 14.25 23.69 212.00 4.19 -282.44 330068
18.35 8.75 -0.14 -3.57 986.92 7.39 -0.94 -6.36 -43.88 -9.19 23.00 373.06 -30.50 -266.56 330262
18.37 11.72 -1.47 -3.70 987.52 7.34 -1.37 -6.34 -29.00 -6.19 39.88 177.37 -57.31 -231.75 330456
18.35 10.50 -0.84 -3.97 987.70 6.76 1.85 -6.85 -20.75 -5.00 43.19 172.81 23.44 -268.25 330652
18.33 10.01 -0.59 -3.07 987.99 6.02 0.08 -7.74 -29.37 15.69 35.25 269.62 -4.12 -297.00 330894
18.35 10.12 -1.13 -5.72 988.59 5.94 -0.54 -7.78 -37.56 13.19 29.19 290.00 -18.69 -280.62 331012
18.33 8.32 1.65 -2.03 988.54 6.99 -1.03 -6.79 -43.50 -1.69 24.56 213.00 19.06 -295.00 331208
18.35 10.52 -0.26 -2.02 989.03 7.90 -0.16 -5.80 -35.25 -16.87 30.25 267.31 26.62 -193.50 331400
18.35 12.32 -2.08 -3.26 989.03 7.77 0.19 -5.97 -27.06 -5.00 41.00 235.81 -30.50 -205.87 331598
18.33 12.30 -2.73 -3.90 989.66 6.78 1.39 -6.94 -23.37 5.56 42.19 213.56 15.00 -265.12 331799
18.29 9.95 0.13 -3.81 989.79 6.34 0.16 -7.47 -36.06 12.38 30.25 352.19 25.06 -265.56 331995
18.29 10.57 -0.30 -2.37 990.13 7.33 -1.58 -6.31 -45.69 6.50 19.69 284.62 -12.94 -244.12 332195
18.35 9.39 -2.00 -2.61 990.26 7.73 -0.22 -6.02 -41.25 -14.25 25.00 229.19 -35.13 -279.44 332357
18.35 10.02 -1.08 -6.07 990.70 6.60 0.74 -7.21 -21.19 -14.69 42.50 291.81 -9.44 -278.69 332556
18.31 8.33 0.86 -5.17 990.84 5.71 -0.66 -7.94 -15.19 14.25 44.38 255.56 -40.56 -286.56 332752
18.33 11.84 -1.32 -1.12 991.11 6.65 -1.18 -7.10 -32.25 23.19 27.69 114.69 47.63 -230.12 332951
18.33 9.31 -2.61 0.19 991.44 7.62 0.34 -6.16 -43.50 13.50 21.87 206.75 47.94 -242.00 333076
18.37 9.77 -2.53 -4.13 991.53 7.61 0.04 -6.17 -46.38 -9.75 15.88 342.87 -18.19 -252.31 333281
18.39 12.20 -2.45 -7.28 991.80 7.05 0.29 -6.80 -35.25 -17.25 29.87 217.44 -29.56 -277.31 333406
18.39 8.19 0.80 -5.57 992.24 6.28 2.67 -7.03 -15.56 -16.87 43.69 265.00 106.62 -381.62 333642
18.35 8.67 -0.45 -2.47 992.26 5.76 0.63 -7.91 -29.75 12.00 37.56 263.12 16.00 -286.37 333860
18.39 10.12 -1.57 -6.35 992.69 5.66 -0.54 -7.98 -41.38 5.00 27.69 231.00 -7.56 -285.00 334038
18.35 11.92 -0.56 -7.23 993.04 6.00 0.56 -7.73 -39.06 -11.00 28.75 147.19 32.56 -311.69 334222
18.43 9.44 -1.95 -5.65 993.56 6.79 2.59 -6.57 -23.19 -26.56 34.06 272.37 168.00 -322.25 334403
18.39 8.21 -1.42 -4.98 993.80 7.00 2.73 -6.29 -19.06 -21.50 40.19 433.94 132.81 -330.62 334507
18.37 10.36 1.02 -3.00 993.65 6.45 0.43 -7.37 -28.00 13.75 37.19 275.87 -19.31 -253.12 334690
18.35 11.76 -3.27 -5.90 994.16 5.87 1.17 -7.75 -36.19 12.00 30.25 117.87 43.13 -258.87 334871
18.35 8.25 -0.67 -5.97 994.27 6.55 1.29 -7.17 -44.69 -8.75 22.69 346.44 100.00 -301.56 335056
18.39 9.66 0.54 -2.54 994.69 7.42 0.90 -6.33 -32.69 -20.69 31.50 226.75 57.31 -238.56 335279
18.41 9.10 -2.69 -2.51 994.96 7.45 2.28 -5.94 -23.75 -15.19 40.06 239.69 64.25 -251.75 335460
18.43 10.97 -1.50 -6.52 995.34 6.31 2.23 -7.16 -23.75 1.19 43.19 292.44 37.25 -280.37 335643
18.39 7.59 0.33 -5.05 995.36 5.44 1.43 -8.02 -33.50 8.69 33.69 284.87 37.38 -340.81 335829
18.41 10.45 -0.56 -4.18 995.52 6.31 0.22 -7.49 -41.25 -6.19 26.06 222.87 97.00 -312.25 336020
18.41 8.03 -1.20 -1.41 995.74 7.25 1.60 -6.40 -39.38 -18.00 25.00 229.50 104.25 -306.69 336129
18.44 11.19 1.16 -5.06 996.05 6.86 1.22 -6.89 -22.19 -21.06 39.38 276.81 25.94 -218.75 336317
18.43 11.76 -0.80 -3.19 996.45 6.62 2.06 -6.92 -19.37 -3.56 43.88 118.31 39.81 -222.00 336501
18.39 11.46 -1.34 -6.05 996.70 6.15 3.84 -6.59 -26.00 -1.75 40.50 197.00 156.12 -236.37 336732
18.41 7.69 -1.64 -3.88 997.08 7.07 3.24 -5.96 -44.56 -4.25 21.87 440.00 197.50 -288.00 336924
18.41 10.43 0.74 -3.34 997.19 7.33 0.00 -6.51 -38.56 -18.06 24.56 377.94 -2.75 -222.06 337112
18.44 11.85 -1.73 -4.48 997.50 7.08 0.88 -6.72 -29.00 -14.06 37.75 121.87 1.87 -274.75 337305
18.44 8.42 -0.50 -5.11 997.94 6.10 3.48 -6.83 -16.37 -15.19 43.19 270.69 93.25 -320.19 337496
18.43 9.26 0.15 -6.91 998.01 5.43 1.44 -8.03 -26.00 6.37 39.00 332.37 86.00 -314.00 337686
18.39 8.85 0.79 -1.90 998.26 6.40 0.14 -7.42 -43.50 2.69 23.75 220.06 39.75 -291.81 337880
18.39 11.12 0.73 -2.62 998.70 6.95 0.56 -6.89 -38.88 -18.06 25.25 191.44 52.38 -177.69 338075
18.43 9.86 -1.19 -2.91 999.24 8.03 1.21 -5.49 -32.00 -20.37 32.50 258.12 63.63 -247.69 338315
18.41 8.67 -3.01 -1.96 999.42 7.68 3.27 -5.13 -27.06 -10.69 40.06 312.81 104.75 -295.87 338509
18.39 11.40 -1.37 -7.12 999.59 5.85 1.64 -7.69 -34.56 2.56 35.56 399.75 17.12 -274.06 338707
18.41 10.81 0.76 -6.00 999.97 5.64 -2.00 -7.76 -42.00 5.19 25.56 248.94 -31.87 -259.56 338903
18.41 10.73 -1.53 -3.61 1000.31 7.24 -0.69 -6.57 -38.50 -9.69 30.56 127.25 51.56 -262.12 339097
18.43 9.22 -0.39 -2.00 1000.46 7.89 1.56 -5.60 -28.87 -22.25 33.56 311.31 42.13 -224.56 339294
18.46 11.67 -3.92 -4.00 1000.77 7.19 1.24 -6.54 -22.69 0.25 42.38 319.25 -6.69 -271.50 339496
18.46 11.67 -2.03 -7.03 1001.00 5.54 1.68 -7.91 -31.56 10.25 36.25 208.19 31.56 -333.00 339698
18.44 6.12 2.21 -5.06 1001.29 6.28 -0.31 -7.51 -40.50 -11.75 26.00 436.69 28.81 -384.06 339946
18.44 11.36 -1.06 -4.69 1001.62 6.66 -2.77 -6.63 -24.19 -1.87 43.88 241.06 -83.12 -214.12 340148
18.48 10.08 -2.86 -3.86 1001.93 6.57 0.06 -7.27 -17.50 10.25 45.38 56.94 -32.94 -300.00 340349
18.46 10.27 -2.63 -6.25 1002.00 5.57 2.68 -7.60 -22.06 4.37 42.38 244.31 109.31 -302.19 340549
18.43 8.34 -0.29 -6.27 1002.36 6.34 -0.10 -7.47 -42.56 4.75 25.37 422.31 37.31 -289.75 340746
18.43 10.37 0.60 -0.52 1002.69 7.81 -1.88 -5.60 -45.00 -5.50 23.06 166.37 29.00 -163.69 340948
18.43 9.53 -3.54 0.12 1003.25 8.65 0.02 -4.60 -40.56 -16.37 24.19 241.00 6.62 -180.87 341151
18.44 11.94 -2.77 -3.82 1003.51 8.26 0.09 -5.27 -29.75 -6.69 38.69 309.25 -25.94 -202.44 341355
18.44 10.42 0.60 -2.63 1003.74 7.22 2.40 -6.17 -34.69 5.19 34.56 377.50 56.50 -266.37 341599
18.37 9.30 -1.53 -1.85 1004.00 7.13 -1.75 -6.49 -46.19 9.25 18.25 360.19 -38.63 -238.81 341800
18.35 11.96 -4.00 -5.83 1003.96 7.00 -0.65 -6.83 -42.50 -10.25 26.69 171.50 -61.50 -286.87 342037
18.35 7.57 -3.96 -7.03 1004.18 6.37 0.31 -7.44 -24.69 -18.87 38.75 325.06 -22.94 -348.25 342138
18.41 10.75 -1.69 -6.45 1004.43 6.00 -1.45 -7.61 -12.06 13.75 46.19 282.06 -16.12 -320.50 342317
18.37 10.98 -2.03 -0.92 1005.12 7.20 0.24 -6.64 -30.69 19.75 32.69 244.44 23.75 -283.87 342498
18.33 10.07 -1.12 -1.61 1005.14 6.88 -0.87 -6.93 -45.88 8.19 19.06 284.87 -55.06 -220.50 342678
18.33 12.68 -1.69 -6.37 1005.47 6.55 -1.22 -7.18 -44.06 -3.19 23.50 161.06 -15.44 -213.50 342858
18.33 10.15 -1.68 0.30 1005.70 8.30 -0.14 -5.20 -38.06 -16.50 29.00 210.25 95.00 -181.75 343080
18.37 8.64 -1.17 0.76 1006.12 8.95 1.58 -3.66 -35.38 -17.37 30.37 252.50 69.25 -196.25 343258
18.37 9.85 -1.82 -2.45 1006.23 7.97 3.58 -4.43 -33.56 -8.75 37.25 360.00 48.13 -226.06 343440
18.33 11.80 -1.01 -8.94 1006.25 6.06 1.78 -7.49 -35.75 7.19 31.19 358.75 12.75 -248.31 343623
18.31 6.95 -0.93 -4.19 1006.77 6.01 -0.10 -7.74 -43.19 5.25 26.19 222.06 3.75 -352.12 343811
18.29 8.53 0.64 -5.67 1006.83 6.72 0.49 -7.12 -34.25 -22.56 30.00 387.50 66.50 -294.50 343999
18.33 11.32 -2.56 -4.41 1007.15 7.12 -3.12 -5.97 -21.37 6.69 44.06 410.37 -105.12 -184.62 344184
18.35 10.13 -2.60 -1.29 1007.64 6.90 -3.97 -5.71 -19.19 31.56 30.00 116.50 -144.00 -183.69 344371
18.37 7.70 7.86 -10.65 1008.46 5.18 -1.41 -8.20 -34.00 16.87 32.19 475.75 -840.94 574.31 344596
18.33 -2.61 -2.25 7.97 1008.15 1.12 -7.02 6.74 -3.87 31.00 -39.19 546.75 -5.56 -24.25 344783
18.31 1.62 1.49 12.24 1008.10 0.77 -1.30 9.68 -2.56 -12.56 -44.38 -82.62 0.37 -4.69 344969
18.33 0.97 -5.25 8.97 1008.04 0.86 -3.93 8.94 -1.56 -2.25 -47.38 -37.75 -0.69 0.13 345160
18.37 0.98 -3.52 8.81 1008.13 0.85 -3.85 8.97 -1.19 0.25 -47.88 -5.12 -0.31 0.13 345347
18.39 1.00 -3.72 8.74 1008.39 0.87 -3.85 8.97 -1.56 1.06 -47.88 0.00 0.06 -0.06 345534
18.35 1.01 -3.62 8.77 1008.08 0.89 -3.84 8.97 -1.87 0.69 -48.25 -0.06 0.00 0.00 345727
18.39 1.00 -3.64 8.76 1008.28 0.91 -3.83 8.97 -1.56 0.25 -47.88 0.00 0.06 -0.06 345919
18.39 1.01 -3.65 8.81 1008.06 0.92 -3.82 8.98 -1.19 -0.37 -47.50 -0.06 -0.06 0.06 346152
18.41 1.00 -3.65 8.76 1008.44 0.93 -3.82 8.98 -1.56 0.00 -48.25 0.00 0.00 -0.06 346344
18.35 1.02 -3.74 8.95 1008.19 0.94 -3.81 8.98 -1.56 0.69 -46.69 0.00 0.13 -0.06 346538
18.33 1.02 -3.73 8.95 1008.26 0.94 -3.81 8.98 -0.75 0.69 -47.06 -0.06 0.19 0.00 346733
18.31 1.02 -3.74 8.95 1008.10 0.94 -3.81 8.98 -1.19 0.00 -47.06 0.00 -0.06 0.00 346925
18.33 1.05 -3.76 8.96 1008.26 0.94 -3.81 8.98 -1.87 0.69 -49.00 0.00 -0.13 -0.06 347117
18.31 1.02 -3.75 8.93 1008.33 0.94 -3.81 8.98 -1.19 1.06 -46.69 -0.06 0.13 0.06 347310
18.35 1.03 -3.75 8.96 1008.30 0.94 -3.81 8.98 -1.87 0.25 -47.88 -0.13 0.00 0.00 347505
18.35 1.02 -3.77 8.98 1008.30 0.94 -3.81 8.98 -1.87 0.69 -47.50 0.00 0.00 -0.19 347742
18.33 1.02 -3.75 8.94 1008.26 0.94 -3.81 8.98 -1.56 0.69 -47.06 -0.06 0.00 0.06 347938
18.33 1.03 -3.76 8.95 1008.15 0.94 -3.81 8.98 -1.87 1.50 -47.50 0.00 -0.06 0.06 348134
18.37 1.04 -3.74 8.94 1008.46 0.94 -3.81 8.98 -2.56 0.00 -47.19 0.00 0.06 0.00 348335
18.37 1.03 -3.76 8.95 1008.24 0.94 -3.81 8.98 -2.25 0.00 -47.50 0.00 0.00 0.06 348529
18.35 1.03 -3.77 8.97 1008.19 0.94 -3.81 8.98 -1.56 0.00 -47.50 0.00 -0.13 0.13 348724
18.33 1.05 -3.76 8.94 1008.26 0.94 -3.81 8.98 -2.56 0.25 -47.50 0.00 -0.13 0.06 348922
18.35 1.03 -3.75 8.98 1008.19 0.94 -3.81 8.98 -1.56 0.25 -47.88 0.06 0.00 0.00 349119
18.37 1.02 -3.76 8.95 1008.24 0.94 -3.81 8.98 -1.56 0.69 -47.50 0.00 0.06 0.00 349360
18.39 1.01 -3.77 8.95 1008.28 0.94 -3.81 8.98 -1.87 0.69 -47.06 0.00 -0.13 0.06 349559
18.35 1.03 -3.77 8.95 1008.30 0.94 -3.81 8.98 -2.56 0.00 -47.88 0.00 -0.06 0.06 349757
18.35 1.02 -3.77 8.92 1008.30 0.94 -3.81 8.98 -2.25 0.00 -47.50 0.00 0.00 0.06 349963
18.35 1.01 -3.77 8.93 1008.08 0.94 -3.81 8.98 -1.56 1.06 -47.06 0.06 0.00 0.06 350170
18.39 1.02 -3.78 8.95 1008.28 0.94 -3.81 8.98 -1.56 0.25 -47.50 0.13 0.13 0.00 350372
18.41 1.04 -3.78 8.95 1008.33 0.94 -3.81 8.98 -0.75 1.06 -47.88 0.06 0.19 0.06 350579
18.39 1.03 -3.80 8.95 1008.06 0.94 -3.81 8.98 -1.87 0.69 -47.50 0.13 0.19 0.13 350845
18.37 1.03 -3.78 8.92 1008.13 0.94 -3.81 8.98 -1.87 0.69 -46.69 0.06 0.06 0.06 351068
18.37 1.01 -3.78 8.95 1008.24 0.94 -3.81 8.98 -1.87 0.25 -47.50 0.00 0.06 -0.06 351250
18.41 1.04 -3.77 8.93 1008.22 0.94 -3.81 8.98 -1.56 0.25 -47.88 -0.06 0.25 0.06 351431
18.39 1.04 -3.79 8.96 1008.28 0.94 -3.81 8.98 -1.19 0.69 -47.06 -0.13 -0.06 -0.13 351617
18.39 1.03 -3.80 8.94 1008.17 0.94 -3.81 8.98 -1.56 0.25 -48.25 0.00 -0.06 -0.06 351802
18.39 1.01 -3.79 8.93 1008.28 0.94 -3.81 8.98 -2.25 0.69 -47.06 -0.13 -0.06 0.06 351990
18.43 1.01 -3.77 8.95 1008.26 0.94 -3.81 8.98 -1.87 0.69 -46.69 0.00 0.13 -0.06 352179
18.43 1.02 -3.78 8.94 1008.26 0.94 -3.81 8.98 -1.87 0.69 -47.19 -0.06 -0.06 0.00 352365
18.43 1.02 -3.78 8.93 1008.26 0.94 -3.81 8.98 -2.25 0.25 -47.88 -0.13 -0.19 0.00 352596
18.41 1.03 -3.80 8.93 1008.10 0.94 -3.81 8.98 -1.19 1.06 -46.75 0.06 -0.06 0.00 352779
18.44 1.00 -3.78 8.94 1008.31 0.94 -3.81 8.98 -1.56 0.25 -48.25 -0.06 -0.19 0.06 352988
18.43 1.03 -3.78 8.95 1008.37 0.94 -3.81 8.98 -1.87 0.25 -47.88 0.00 -0.06 0.06 353176
18.44 1.02 -3.80 8.95 1008.19 0.94 -3.81 8.98 -1.56 0.25 -46.38 0.00 -0.13 0.00 353365
18.48 1.02 -3.78 8.94 1008.40 0.94 -3.81 8.98 -1.56 1.50 -48.25 0.00 0.19 0.13 353555
18.46 1.03 -3.81 8.92 1008.24 0.94 -3.81 8.98 -1.19 1.06 -47.50 -0.06 0.19 0.00 353746
18.41 1.00 -3.78 8.94 1008.33 0.94 -3.81 8.98 -1.19 1.75 -47.50 0.06 0.00 0.00 353939
18.43 1.00 -3.78 8.94 1008.04 0.94 -3.81 8.98 -1.56 0.69 -48.69 0.00 -0.19 0.00 354167
18.43 1.01 -3.79 8.94 1008.37 0.94 -3.81 8.98 -1.19 0.69 -47.50 0.19 0.00 -0.06 354364
18.43 1.02 -3.80 8.92 1008.37 0.94 -3.81 8.98 -2.25 0.69 -47.19 0.06 0.13 -0.13 354557
18.41 1.03 -3.80 8.94 1008.10 0.94 -3.81 8.98 -1.87 0.69 -47.50 0.06 0.06 0.00 354760
18.41 1.01 -3.80 8.93 1008.10 0.94 -3.81 8.98 -1.56 0.69 -48.25 0.06 0.00 0.00 354965
18.41 1.02 -3.81 8.93 1008.22 0.94 -3.81 8.98 -1.87 0.69 -47.88 -0.06 0.13 0.06 355158
18.48 1.03 -3.81 8.93 1008.40 0.94 -3.81 8.98 -1.56 0.25 -47.06 0.06 -0.19 0.06 355351
18.46 1.02 -3.81 8.93 1008.24 0.94 -3.81 8.98 -2.25 1.06 -47.06 0.06 -0.25 0.00 355545
18.44 1.02 -3.82 8.92 1008.19 0.94 -3.81 8.98 -1.56 0.69 -47.50 -0.13 0.13 0.00 355787
18.44 1.03 -3.82 8.94 1008.08 0.94 -3.81 8.98 -1.87 0.69 -48.25 0.00 0.06 0.00 355982
18.53 1.02 -3.80 8.93 1008.64 0.94 -3.81 8.98 -1.19 0.25 -47.50 0.00 0.25 0.00 356178
18.48 1.02 -3.80 8.93 1008.51 0.94 -3.81 8.98 -0.75 0.69 -48.69 0.06 0.06 0.13 356376
18.50 1.01 -3.80 8.92 1008.33 0.94 -3.81 8.98 -2.56 0.69 -47.06 0.06 0.00 -0.13 356576
18.50 1.03 -3.81 8.93 1008.44 0.94 -3.81 8.98 -1.87 0.69 -47.50 -0.13 0.06 0.00 356776
18.48 1.03 -3.80 8.91 1008.40 0.94 -3.81 8.98 -1.87 1.50 -49.00 -0.06 0.00 0.06 356974
18.50 1.02 -3.80 8.91 1008.33 0.94 -3.81 8.98 -1.87 0.25 -47.50 -0.06 0.00 0.00 357175
18.48 1.03 -3.81 8.92 1008.28 0.94 -3.81 8.98 -1.19 0.69 -47.19 0.00 -0.06 0.13 357417
18.46 1.02 -3.82 8.93 1008.24 0.94 -3.81 8.98 -1.87 1.06 -47.50 0.06 0.06 -0.06 357614
18.44 1.02 -3.79 8.93 1008.31 0.94 -3.81 8.98 -1.87 0.69 -46.69 0.00 0.00 0.06 357812
18.48 1.02 -3.82 8.94 1008.28 0.94 -3.81 8.98 -1.56 0.25 -49.00 -0.06 -0.06 0.00 358014
18.48 1.00 -3.82 8.92 1008.28 0.94 -3.81 8.98 -1.56 0.69 -47.50 -0.06 0.00 -0.06 358223
18.52 1.02 -3.81 8.93 1008.37 0.94 -3.81 8.98 -0.75 0.69 -48.69 0.00 0.13 0.06 358429
18.50 1.02 -3.81 8.94 1008.11 0.94 -3.81 8.98 -1.56 0.69 -48.69 0.00 0.19 0.06 358632
18.50 1.02 -3.83 8.92 1008.44 0.94 -3.81 8.98 -1.56 0.25 -47.50 0
